0 0.5890625 0.50859375 0.14609375 0.0984375
0 0.49921875 0.36875 0.171875 0.090625
0 0.40078125 0.39453125 0.0953125 0.06875
0 0.43828125 0.51953125 0.1140625 0.07890625
0 0.371875 0.61328125 0.0765625 0.07421875
0 0.3421875 0.7265625 0.134375 0.08359375
0 0.11328125 0.85 0.1375 0.16640625
0 0.12109375 0.70703125 0.0796875 0.04140625
0 0.11484375 0.5921875 0.07890625 0.03828125
0 0.16171875 0.52265625 0.06640625 0.0609375
0 0.146875 0.378125 0.096875 0.18125
0 0.30703125 0.271875 0.09375 0.0828125
0 0.44375 0.28828125 0.10859375 0.05703125
0 0.325 0.18671875 0.16015625 0.0515625