0 0.48984375 0.3765625 0.209375 0.1125
0 0.58515625 0.51015625 0.178125 0.09765625
0 0.440625 0.50546875 0.11328125 0.07890625
0 0.37421875 0.6234375 0.0765625 0.05078125
0 0.3953125 0.72578125 0.06640625 0.05078125
0 0.11875 0.85078125 0.15546875 0.16640625
0 0.32421875 0.1703125 0.1609375 0.05625
0 0.32734375 0.2671875 0.15078125 0.08359375
0 0.446875 0.28515625 0.08671875 0.04609375
0 0.275 0.12578125 0.08515625 0.04375
0 0.18359375 0.20625 0.06328125 0.05390625
0 0.175 0.32890625 0.0671875 0.04296875