0 0.56484375 0.8234375 0.265625 0.24375
0 0.1078125 0.7578125 0.1515625 0.12421875
0 0.56015625 0.50390625 0.20703125 0.11796875
0 0.64453125 0.4046875 0.1421875 0.07109375
0 0.65546875 0.334375 0.11015625 0.0421875
0 0.52734375 0.37421875 0.12890625 0.0671875
0 0.3953125 0.4265625 0.0921875 0.0484375
0 0.40078125 0.38125 0.0953125 0.046875
0 0.35234375 0.34453125 0.0765625 0.03828125
0 0.3078125 0.38671875 0.0640625 0.03984375
0 0.4734375 0.33671875 0.05625 0.0296875
0 0.553125 0.32734375 0.04375 0.02734375
0 0.59296875 0.30546875 0.0828125 0.03515625
0 0.55546875 0.278125 0.07109375 0.02578125
0 0.6078125 0.24296875 0.07265625 0.03828125
0 0.67734375 0.2375 0.04609375 0.02109375
0 0.615625 0.19453125 0.053125 0.06171875
0 0.54140625 0.25078125 0.0515625 0.0296875
0 0.45625 0.25546875 0.07734375 0.03671875
0 0.53984375 0.1765625 0.1140625 0.08203125