0 0.5875 0.678125 0.1578125 0.090625
0 0.28828125 0.6609375 0.2859375 0.084375
0 0.19375 0.82265625 0.15 0.11796875
0 0.2375 0.46484375 0.07421875 0.0671875
0 0.31328125 0.43515625 0.06640625 0.0359375
0 0.63203125 0.49140625 0.08515625 0.05234375
0 0.55 0.5578125 0.19765625 0.065625
0 0.4703125 0.4328125 0.15078125 0.0625
0 0.2078125 0.34609375 0.06875 0.02109375
0 0.26484375 0.3734375 0.03828125 0.03125
0 0.81015625 0.896875 0.07421875 0.07734375
0 0.7703125 0.7890625 0.17265625 0.08203125
0 0.72578125 0.96640625 0.0921875 0.0671875
0 0.46171875 0.7328125 0.171875 0.10625