0 0.6765625 0.62578125 0.30078125 0.2375
0 0.27734375 0.83984375 0.5453125 0.3203125
0 0.9046875 0.7796875 0.190625 0.13984375
0 0.9734375 0.5578125 0.053125 0.096875
0 0.8828125 0.4671875 0.16796875 0.09921875
0 0.7015625 0.3953125 0.15546875 0.0796875
0 0.58828125 0.34765625 0.16015625 0.059375
0 0.50546875 0.27734375 0.19140625 0.07265625
0 0.66328125 0.18671875 0.1921875 0.06796875
0 0.725 0.14375 0.1046875 0.06640625
0 0.80625 0.06875 0.21484375 0.0640625
0 0.628125 0.11484375 0.13125 0.0515625
0 0.428125 0.09296875 0.15546875 0.0484375
0 0.378125 0.1453125 0.2015625 0.05234375
0 0.50859375 0.18359375 0.128125 0.0359375
0 0.43671875 0.2078125 0.11875 0.03984375
0 0.2171875 0.2078125 0.2453125 0.08671875
0 0.2875 0.26796875 0.08125 0.03203125
0 0.35625 0.3328125 0.1109375 0.03125
0 0.3296875 0.41171875 0.44140625 0.21484375
0 0.0390625 0.38984375 0.078125 0.0796875
0 0.03046875 0.6625 0.0609375 0.115625