0 0.153125 0.65546875 0.27265625 0.13125
0 0.51875 0.74609375 0.24375 0.14140625
0 0.64375 0.55859375 0.25390625 0.071875
0 0.89609375 0.6765625 0.2078125 0.140625
0 0.9 0.45234375 0.10625 0.06796875
0 0.40234375 0.43984375 0.171875 0.07421875
0 0.37109375 0.37421875 0.103125 0.0328125
0 0.4359375 0.35234375 0.0375 0.02109375
0 0.51171875 0.36640625 0.06171875 0.00625
0 0.54765625 0.38828125 0.075 0.025
0 0.6140625 0.3703125 0.059375 0.01640625
0 0.06953125 0.43125 0.10859375 0.09453125
0 0.1625 0.32734375 0.06953125 0.03046875