0 0.33125 0.63359375 0.2703125 0.2359375
0 0.709375 0.8421875 0.44921875 0.315625
0 0.97578125 0.6734375 0.0484375 0.109375
0 0.6609375 0.440625 0.39140625 0.20859375
0 0.7796875 0.21484375 0.221875 0.07421875
0 0.71796875 0.275 0.11875 0.05390625
0 0.95390625 0.396875 0.0921875 0.096875
0 0.503125 0.28671875 0.20625 0.08671875
0 0.303125 0.3875 0.1390625 0.08671875
0 0.425 0.3421875 0.1546875 0.08828125
0 0.2921875 0.30078125 0.07890625 0.04375
0 0.35 0.1984375 0.16640625 0.0515625
0 0.5796875 0.209375 0.08828125 0.03984375
0 0.50625 0.18515625 0.0828125 0.0484375
0 0.62890625 0.1546875 0.18359375 0.06796875
0 0.37265625 0.11875 0.090625 0.0578125
0 0.27578125 0.15 0.1125 0.05546875
0 0.4671875 0.053125 0.05703125 0.0171875
0 0.346875 0.0171875 0.196875 0.034375
0 0.24375 0.08046875 0.175 0.028125
0 0.22578125 0.115625 0.08828125 0.03828125
0 0.0921875 0.45 0.18125 0.1046875
0 0.02578125 0.55390625 0.0421875 0.109375
0 0.08203125 0.6484375 0.12578125 0.08515625
0 0.09609375 0.7734375 0.140625 0.11328125
0 0.22578125 0.965625 0.2296875 0.06875