0 0.42890625 0.8296875 0.27265625 0.21484375
0 0.4484375 0.51171875 0.23046875 0.1203125
0 0.3578125 0.403125 0.1375 0.0671875
0 0.33671875 0.3359375 0.11640625 0.05390625
0 0.44765625 0.3734375 0.14140625 0.07421875
0 0.60625 0.43046875 0.09765625 0.0484375
0 0.58515625 0.38203125 0.09375 0.05546875
0 0.634375 0.34765625 0.09296875 0.04765625
0 0.8890625 0.76484375 0.12890625 0.0953125
0 0.4046875 0.30078125 0.1078125 0.0296875
0 0.440625 0.3265625 0.0484375 0.02421875
0 0.5265625 0.3421875 0.05703125 0.0359375
0 0.45078125 0.284375 0.0796875 0.04609375
0 0.42890625 0.24609375 0.13125 0.04609375
0 0.38671875 0.19453125 0.0671875 0.05
0 0.3328125 0.24140625 0.0515625 0.0359375
0 0.57421875 0.27578125 0.1125 0.06640625
0 0.4609375 0.18125 0.1203125 0.07421875