0 0.428125 0.5984375 0.18359375 0.1
0 0.8171875 0.521875 0.109375 0.065625
0 0.64140625 0.4140625 0.06171875 0.05234375
0 0.41484375 0.33203125 0.090625 0.0671875
0 0.13671875 0.46953125 0.14375 0.06953125
0 0.04375 0.59140625 0.059375 0.07265625
0 0.1390625 0.665625 0.078125 0.06875
0 0.18046875 0.7921875 0.29609375 0.14140625
0 0.40703125 0.93046875 0.190625 0.1375
0 0.815625 0.95078125 0.121875 0.05390625
0 0.70234375 0.809375 0.16015625 0.084375
0 0.1265625 0.21484375 0.0625 0.04140625
0 0.15390625 0.2671875 0.0890625 0.04609375
0 0.42109375 0.1671875 0.1078125 0.07734375