0 0.5734375 0.721875 0.17890625 0.10390625
0 0.734375 0.62890625 0.2609375 0.0796875
0 0.63671875 0.5671875 0.1234375 0.065625
0 0.79765625 0.56171875 0.1828125 0.05078125
0 0.48125 0.49140625 0.2390625 0.08671875
0 0.4296875 0.55859375 0.1828125 0.1078125
0 0.6859375 0.4671875 0.3140625 0.0921875
0 0.428125 0.40546875 0.209375 0.075
0 0.5640625 0.37578125 0.10078125 0.0625
0 0.71484375 0.3453125 0.1703125 0.0421875
0 0.67109375 0.30859375 0.05859375 0.025
0 0.6078125 0.2859375 0.090625 0.0453125
0 0.39921875 0.29375 0.08828125 0.0203125
0 0.2625 0.4265625 0.1625 0.065625
0 0.690625 0.22578125 0.0734375 0.015625
0 0.3609375 0.24609375 0.07421875 0.0296875
0 0.4984375 0.2390625 0.12109375 0.0484375
0 0.71796875 0.90703125 0.13515625 0.0765625
0 0.2671875 0.69765625 0.0828125 0.134375