0 0.59921875 0.49921875 0.34375 0.27109375
0 0.85078125 0.79453125 0.2984375 0.2078125
0 0.16015625 0.5171875 0.21875 0.12578125
0 0.1578125 0.640625 0.22421875 0.11015625
0 0.203125 0.78984375 0.18203125 0.1734375
0 0.32265625 0.38984375 0.2390625 0.11796875
0 0.33515625 0.275 0.159375 0.0671875
0 0.4015625 0.196875 0.17890625 0.0828125
0 0.609375 0.17109375 0.19453125 0.090625
0 0.74375 0.11484375 0.096875 0.03828125
0 0.55 0.08984375 0.14921875 0.05234375
0 0.425 0.13671875 0.11875 0.06328125
0 0.228125 0.14921875 0.109375 0.04140625
0 0.31953125 0.09921875 0.10390625 0.04765625
0 0.440625 0.0640625 0.1203125 0.046875
0 0.66015625 0.05 0.14609375 0.09375