0 0.6796875 0.93203125 0.115625 0.1359375
0 0.75703125 0.8234375 0.07109375 0.12578125
0 0.746875 0.7140625 0.06953125 0.06953125
0 0.659375 0.67109375 0.0890625 0.13359375
0 0.57890625 0.72578125 0.09765625 0.11015625
0 0.44765625 0.8125 0.0921875 0.11640625
0 0.40390625 0.9515625 0.0765625 0.096875
0 0.2484375 0.83515625 0.246875 0.3296875
0 0.4515625 0.69375 0.0890625 0.05625
0 0.40625 0.61875 0.05546875 0.0421875
0 0.67421875 0.5484375 0.06171875 0.05859375
0 0.615625 0.51015625 0.146875 0.11875
0 0.7796875 0.94765625 0.06796875 0.10390625