0 0.47734375 0.8328125 0.228125 0.09296875
0 0.740625 0.7328125 0.17578125 0.146875
0 0.9125 0.57890625 0.1375 0.11015625
0 0.7859375 0.4796875 0.24140625 0.075
0 0.5203125 0.57734375 0.165625 0.075
0 0.46796875 0.70390625 0.18359375 0.146875
0 0.265625 0.89375 0.390625 0.2125
0 0.95 0.93046875 0.1 0.1390625
0 0.34375 0.4609375 0.1234375 0.06328125
0 0.17578125 0.6109375 0.13046875 0.0984375
0 0.17890625 0.52265625 0.1671875 0.0796875
0 0.15703125 0.353125 0.2078125 0.1109375
0 0.35 0.3453125 0.12109375 0.0640625
0 0.37578125 0.28515625 0.103125 0.06328125
0 0.30078125 0.240625 0.04765625 0.02265625
0 0.5078125 0.25390625 0.11328125 0.0375
0 0.48671875 0.31875 0.07265625 0.03046875
0 0.62421875 0.3359375 0.1125 0.05078125
0 0.565625 0.41796875 0.16484375 0.06953125
0 0.39296875 0.18359375 0.078125 0.05078125