0 0.6984375 0.821875 0.228125 0.35625
0 0.6546875 0.55078125 0.2015625 0.115625
0 0.3921875 0.75859375 0.2015625 0.1828125
0 0.14609375 0.909375 0.25546875 0.18125
0 0.1984375 0.70390625 0.1140625 0.1125
0 0.284375 0.5515625 0.0921875 0.08828125
0 0.45625 0.5171875 0.1125 0.12421875
0 0.51328125 0.6140625 0.09296875 0.059375
0 0.40390625 0.44296875 0.0875 0.05625
0 0.503125 0.41328125 0.08515625 0.0328125
0 0.6390625 0.41875 0.14453125 0.09453125
0 0.8640625 0.38203125 0.271875 0.2015625
0 0.471875 0.33203125 0.11484375 0.11328125
0 0.51171875 0.20625 0.025 0.015625
0 0.51796875 0.25390625 0.05078125 0.03984375
0 0.90703125 0.684375 0.1859375 0.15546875