0 0.678125 0.81875 0.1984375 0.3625
0 0.121875 0.90546875 0.190625 0.1890625
0 0.403125 0.75859375 0.1625 0.17734375
0 0.5203125 0.6140625 0.10390625 0.05859375
0 0.29296875 0.55 0.0796875 0.065625
0 0.19609375 0.696875 0.128125 0.08828125
0 0.4515625 0.51640625 0.1046875 0.12109375
0 0.6203125 0.553125 0.13046875 0.12109375
0 0.91484375 0.6859375 0.1703125 0.14453125
0 0.88828125 0.38125 0.2234375 0.15234375
0 0.61953125 0.409375 0.16015625 0.08828125
0 0.503125 0.41484375 0.08203125 0.059375
0 0.39609375 0.44140625 0.0640625 0.04296875
0 0.41015625 0.3390625 0.04375 0.03203125
0 0.47578125 0.353125 0.05625 0.0671875
0 0.04296875 0.6578125 0.0515625 0.06171875
0 0.57109375 0.30859375 0.07734375 0.0515625