0 0.6828125 0.93203125 0.203125 0.1359375
0 0.39453125 0.815625 0.175 0.10859375
0 0.40703125 0.64375 0.1890625 0.1109375
0 0.64140625 0.465625 0.15 0.05546875
0 0.76796875 0.46953125 0.06875 0.059375
0 0.79375 0.6 0.0875 0.0625
0 0.8578125 0.7515625 0.0921875 0.109375
0 0.6359375 0.66953125 0.1 0.11875
0 0.67890625 0.55625 0.11953125 0.109375
0 0.571875 0.403125 0.075 0.06171875
0 0.63671875 0.334375 0.05625 0.03671875
0 0.57890625 0.3015625 0.07265625 0.04140625
0 0.65078125 0.2390625 0.05859375 0.0328125
0 0.690625 0.2625 0.046875 0.0203125
0 0.73984375 0.24140625 0.06640625 0.03828125
0 0.65625 0.28359375 0.05703125 0.03046875
0 0.4625 0.30546875 0.1078125 0.0515625
0 0.5328125 0.29921875 0.05 0.02265625
0 0.34296875 0.40546875 0.0984375 0.0484375
0 0.36328125 0.51171875 0.14609375 0.06875
0 0.2328125 0.58203125 0.1390625 0.07109375
0 0.146875 0.66875 0.171875 0.08203125
0 0.1265625 0.77421875 0.0875 0.059375
0 0.03125 0.740625 0.0625 0.15625
0 0.6578125 0.184375 0.1046875 0.05
0 0.5078125 0.2234375 0.0578125 0.0328125