0 0.37265625 0.57109375 0.3375 0.14453125
0 0.20234375 0.78203125 0.33515625 0.1546875
0 0.4140625 0.93125 0.2234375 0.121875
0 0.7015625 0.79765625 0.17890625 0.075
0 0.653125 0.49609375 0.1421875 0.0375
0 0.25703125 0.47265625 0.36484375 0.0671875
0 0.14921875 0.225 0.10546875 0.103125
0 0.39296875 0.32421875 0.11328125 0.0890625
0 0.0453125 0.59296875 0.090625 0.08203125
0 0.9171875 0.396875 0.165625 0.046875
0 0.6140625 0.4171875 0.08828125 0.05
0 0.8234375 0.51171875 0.10078125 0.05078125
0 0.421875 0.1609375 0.10078125 0.0796875
0 0.37734375 0.24765625 0.09453125 0.03984375
0 0.2875 0.2203125 0.07890625 0.05390625
0 0.0234375 0.1453125 0.046875 0.040625
0 0.7015625 0.1828125 0.11796875 0.071875