0 0.434375 0.59765625 0.1734375 0.12890625
0 0.41328125 0.78515625 0.16875 0.1609375
0 0.840625 0.8015625 0.2390625 0.23984375
0 0.78984375 0.48125 0.18671875 0.38203125
0 0.3234375 0.48515625 0.1375 0.11328125
0 0.21484375 0.6296875 0.1 0.10625
0 0.44140625 0.38359375 0.1203125 0.10859375
0 0.57421875 0.4109375 0.1078125 0.17734375
0 0.3828125 0.22734375 0.08359375 0.078125
0 0.6546875 0.2609375 0.12890625 0.09765625
0 0.61484375 0.175 0.1046875 0.0421875
0 0.48125 0.16015625 0.1125 0.05078125
0 0.5328125 0.1265625 0.084375 0.0828125
0 0.525 0.24609375 0.07734375 0.06875