0 0.640625 0.4421875 0.10078125 0.05078125
0 0.73046875 0.69921875 0.11328125 0.0609375
0 0.58984375 0.80390625 0.259375 0.146875
0 0.6890625 0.6 0.06640625 0.046875
0 0.36328125 0.7015625 0.09765625 0.0828125
0 0.3140625 0.59375 0.06171875 0.02734375
0 0.27265625 0.64765625 0.08515625 0.03671875
0 0.08671875 0.46875 0.0421875 0.03125
0 0.1265625 0.496875 0.0375 0.02578125
0 0.2078125 0.4375 0.05625 0.02421875
0 0.225 0.40703125 0.075 0.04296875
0 0.1375 0.68203125 0.06875 0.0609375
0 0.2671875 0.93984375 0.4 0.1203125
0 0.8875 0.19609375 0.225 0.1140625