0 0.51640625 0.575 0.1828125 0.0828125
0 0.46953125 0.71171875 0.1546875 0.12109375
0 0.48515625 0.8328125 0.22265625 0.1109375
0 0.72578125 0.73125 0.19140625 0.14375
0 0.90703125 0.58203125 0.1375 0.08828125
0 0.74453125 0.49140625 0.1265625 0.065625
0 0.859375 0.48359375 0.0828125 0.0640625
0 0.4890625 0.46796875 0.17265625 0.1265625
0 0.60234375 0.425 0.09765625 0.0640625
0 0.334375 0.47734375 0.1390625 0.06875
0 0.1765625 0.61015625 0.121875 0.0953125
0 0.1734375 0.50703125 0.184375 0.17109375
0 0.35234375 0.3375 0.1 0.0515625
0 0.49375 0.325 0.10390625 0.03984375
0 0.615625 0.32734375 0.065625 0.03203125
0 0.50234375 0.25390625 0.1203125 0.04609375
0 0.29609375 0.24296875 0.05546875 0.034375
0 0.12734375 0.34921875 0.2546875 0.1234375
0 0.26484375 0.89765625 0.375 0.2046875
0 0.95859375 0.934375 0.0828125 0.13125