0 0.76484375 0.82890625 0.26875 0.33359375
0 0.546875 0.81328125 0.0828125 0.14609375
0 0.55 0.68046875 0.08359375 0.07265625
0 0.4265625 0.71875 0.09296875 0.1359375
0 0.346875 0.6671875 0.10859375 0.096875
0 0.2546875 0.7078125 0.08671875 0.05859375
0 0.246875 0.8234375 0.1125 0.153125
0 0.303125 0.9390625 0.09296875 0.121875
0 0.2203125 0.9453125 0.0953125 0.109375
0 0.35390625 0.8390625 0.08671875 0.12890625
0 0.321875 0.5453125 0.0734375 0.06171875
0 0.39140625 0.50078125 0.14375 0.1296875
0 0.59609375 0.6 0.07109375 0.0890625
0 0.6421875 0.54375 0.075 0.06328125