0 0.5734375 0.91484375 0.234375 0.16015625
0 0.81640625 0.78046875 0.34296875 0.11875
0 0.58125 0.6 0.20234375 0.109375
0 0.8453125 0.4640625 0.1375 0.078125
0 0.59140625 0.321875 0.1078125 0.05703125
0 0.3703125 0.41015625 0.05078125 0.034375
0 0.5515625 0.52734375 0.49453125 0.14453125
0 0.2734375 0.8 0.203125 0.078125
0 0.16484375 0.928125 0.1546875 0.078125
0 0.01796875 0.72734375 0.0359375 0.05859375
0 0.17890625 0.52421875 0.10078125 0.053125
0 0.0328125 0.4015625 0.065625 0.0375
0 0.6125 0.2484375 0.0640625 0.03125
0 0.871875 0.21796875 0.06953125 0.0375
0 0.84765625 0.26328125 0.09765625 0.0453125
0 0.5734375 0.1625 0.0640625 0.03828125
0 0.69140625 0.21796875 0.1265625 0.06796875
0 0.503125 0.23046875 0.06328125 0.0328125
0 0.246875 0.20234375 0.246875 0.11953125