0 0.40078125 0.5109375 0.1765625 0.1
0 0.57421875 0.525 0.09296875 0.10234375
0 0.51640625 0.69140625 0.3875 0.165625
0 0.88125 0.81015625 0.1359375 0.13359375
0 0.871875 0.703125 0.05859375 0.040625
0 0.8890625 0.59609375 0.06796875 0.0484375
0 0.85546875 0.50859375 0.06171875 0.06171875
0 0.534375 0.384375 0.22265625 0.1265625
0 0.69609375 0.2953125 0.07421875 0.06328125
0 0.640625 0.23984375 0.1875 0.071875
0 0.8171875 0.3234375 0.0875 0.06796875
0 0.87265625 0.42109375 0.09296875 0.053125
0 0.81640625 0.2125 0.06640625 0.034375
0 0.6671875 0.178125 0.13203125 0.053125
0 0.73828125 0.134375 0.05859375 0.03515625
0 0.23125 0.846875 0.15625 0.11484375