0 0.58515625 0.48203125 0.3109375 0.27109375
0 0.84453125 0.815625 0.2203125 0.1875
0 0.35859375 0.39296875 0.171875 0.11484375
0 0.346875 0.27890625 0.13515625 0.06171875
0 0.42890625 0.2 0.11328125 0.04765625
0 0.628125 0.16796875 0.15703125 0.0609375
0 0.75546875 0.10625 0.07734375 0.02734375
0 0.71328125 0.0671875 0.1125 0.025
0 0.67890625 0.03046875 0.08515625 0.02265625
0 0.5875 0.10703125 0.13125 0.05078125
0 0.44140625 0.12421875 0.15625 0.04375
0 0.43671875 0.078125 0.2015625 0.04609375
0 0.21796875 0.17109375 0.22734375 0.0890625
0 0.14375 0.5109375 0.19765625 0.11484375
0 0.1640625 0.63203125 0.171875 0.09375