0 0.81015625 0.7953125 0.32421875 0.1265625
0 0.58828125 0.92578125 0.2234375 0.1484375
0 0.5640625 0.58515625 0.203125 0.090625
0 0.8421875 0.47578125 0.14765625 0.0765625
0 0.57109375 0.32578125 0.1515625 0.0671875
0 0.95703125 0.5890625 0.0859375 0.05
0 0.84765625 0.64921875 0.1546875 0.1203125
0 0.365625 0.4171875 0.05546875 0.05234375
0 0.1765625 0.53046875 0.128125 0.06328125
0 0.2703125 0.79296875 0.2015625 0.090625
0 0.18984375 0.94609375 0.16484375 0.1
0 0.86015625 0.20390625 0.09453125 0.03984375
0 0.85 0.26875 0.090625 0.05234375
0 0.5921875 0.15703125 0.075 0.0765625
0 0.61953125 0.25078125 0.04609375 0.0609375
0 0.709375 0.22421875 0.078125 0.03515625
0 0.97421875 0.14921875 0.0515625 0.0734375