0 0.51171875 0.8859375 0.1234375 0.1
0 0.5828125 0.76796875 0.1140625 0.0765625
0 0.440625 0.75 0.10859375 0.0921875
0 0.3421875 0.73515625 0.0921875 0.07109375
0 0.37578125 0.90390625 0.1046875 0.1203125
0 0.246875 0.91796875 0.11796875 0.1046875
0 0.1390625 0.896875 0.1578125 0.20625
0 0.790625 0.696875 0.38203125 0.18671875
0 0.9265625 0.90390625 0.146875 0.1921875
0 0.65703125 0.94453125 0.18046875 0.1109375
0 0.46953125 0.5765625 0.05390625 0.03203125
0 0.434375 0.553125 0.04375 0.03984375
0 0.3734375 0.5390625 0.0796875 0.0578125