0 0.2765625 0.646875 0.4328125 0.32109375
0 0.6421875 0.7140625 0.165625 0.1828125
0 0.8265625 0.65703125 0.17734375 0.121875
0 0.81171875 0.81875 0.11875 0.14765625
0 0.6984375 0.8796875 0.090625 0.12890625
0 0.946875 0.8 0.10625 0.15546875
0 0.8875 0.5625 0.21171875 0.11796875
0 0.71328125 0.4640625 0.103125 0.11015625
0 0.76796875 0.39296875 0.140625 0.07421875
0 0.96875 0.45234375 0.0625 0.06171875
0 0.92734375 0.36328125 0.1453125 0.0734375
0 0.596875 0.5390625 0.1765625 0.15
0 0.2421875 0.425 0.121875 0.06328125
0 0.4984375 0.43046875 0.065625 0.07109375
0 0.14453125 0.909375 0.1015625 0.18125