0 0.41328125 0.67578125 0.171875 0.16640625
0 0.42890625 0.503125 0.17578125 0.1234375
0 0.32421875 0.4046875 0.13046875 0.0921875
0 0.21484375 0.51953125 0.11328125 0.0953125
0 0.47109375 0.33046875 0.10234375 0.090625
0 0.5796875 0.3890625 0.0578125 0.0515625
0 0.56328125 0.30078125 0.07109375 0.05703125
0 0.3890625 0.18125 0.07890625 0.05
0 0.5015625 0.1203125 0.08359375 0.06640625
0 0.528125 0.07734375 0.1 0.065625
0 0.6046875 0.15234375 0.09375 0.0609375
0 0.53984375 0.20234375 0.078125 0.059375
0 0.615625 0.21953125 0.0484375 0.03828125