0 0.83125 0.7953125 0.1984375 0.23046875
0 0.409375 0.7859375 0.1765625 0.14140625
0 0.20234375 0.6359375 0.115625 0.13671875
0 0.44296875 0.603125 0.1671875 0.109375
0 0.3125 0.49296875 0.14921875 0.10078125
0 0.4421875 0.396875 0.12109375 0.10625
0 0.57421875 0.46875 0.06953125 0.04609375
0 0.384375 0.2296875 0.075 0.046875
0 0.77265625 0.48046875 0.203125 0.384375
0 0.6546875 0.26953125 0.11640625 0.09375
0 0.5375 0.26171875 0.090625 0.06328125
0 0.48125 0.15859375 0.11015625 0.06171875
0 0.54375 0.1203125 0.09453125 0.05625
0 0.62734375 0.1828125 0.078125 0.06875