0 0.7328125 0.659375 0.1875 0.17109375
0 0.28671875 0.746875 0.2296875 0.1546875
0 0.66484375 0.890625 0.4609375 0.21875
0 0.4953125 0.51015625 0.25625 0.103125
0 0.6828125 0.4890625 0.15625 0.1078125
0 0.2375 0.4578125 0.06875 0.05859375
0 0.13046875 0.478125 0.053125 0.04375
0 0.1046875 0.44609375 0.0890625 0.046875
0 0.1140625 0.59140625 0.228125 0.11640625
0 0.2765625 0.52734375 0.12578125 0.0609375
0 0.4734375 0.4234375 0.30234375 0.10859375
0 0.26875 0.4 0.10625 0.05
0 0.10625 0.39296875 0.2125 0.03984375