0 0.56015625 0.8109375 0.309375 0.23515625
0 0.109375 0.7515625 0.11953125 0.11015625
0 0.559375 0.50234375 0.19296875 0.1109375
0 0.634375 0.40625 0.16484375 0.05859375
0 0.65546875 0.33515625 0.13515625 0.04375
0 0.5421875 0.375 0.1359375 0.0625
0 0.39921875 0.43046875 0.12109375 0.05625
0 0.403125 0.38828125 0.08984375 0.046875
0 0.36015625 0.35 0.0734375 0.03515625
0 0.31484375 0.3875 0.05625 0.04609375
0 0.47265625 0.33125 0.071875 0.04609375
0 0.5890625 0.29921875 0.09765625 0.0359375
0 0.5640625 0.3296875 0.0828125 0.0484375
0 0.60390625 0.24296875 0.06796875 0.03125
0 0.67109375 0.23515625 0.06640625 0.025
0 0.55234375 0.2578125 0.0625 0.0359375
0 0.5453125 0.2859375 0.09453125 0.04140625
0 0.45234375 0.259375 0.0625 0.0265625
0 0.4078125 0.29140625 0.05234375 0.04375
0 0.6203125 0.18828125 0.0625 0.03828125
0 0.528125 0.1890625 0.15 0.0953125