0 0.64296875 0.621875 0.2875 0.2359375
0 0.9109375 0.78046875 0.1609375 0.146875
0 0.78359375 0.9484375 0.340625 0.103125
0 0.27109375 0.84453125 0.5421875 0.3078125
0 0.87890625 0.46171875 0.146875 0.10078125
0 0.96796875 0.54921875 0.0640625 0.0671875
0 0.703125 0.4015625 0.1859375 0.090625
0 0.58203125 0.35625 0.1296875 0.06953125
0 0.7 0.296875 0.128125 0.03828125
0 0.3203125 0.42578125 0.44921875 0.18046875
0 0.19453125 0.328125 0.1140625 0.0609375
0 0.0453125 0.4015625 0.090625 0.0515625
0 0.0359375 0.6625 0.071875 0.121875
0 0.878125 0.31640625 0.1296875 0.1125
0 0.49140625 0.28515625 0.19921875 0.07421875
0 0.66015625 0.20234375 0.1734375 0.078125
0 0.7171875 0.14453125 0.1125 0.06171875
0 0.6078125 0.11640625 0.165625 0.0453125
0 0.36015625 0.15234375 0.28125 0.05859375
0 0.23828125 0.21640625 0.2390625 0.09296875
0 0.4171875 0.21015625 0.13359375 0.05
0 0.49609375 0.184375 0.0953125 0.0328125
0 0.7796875 0.078125 0.1828125 0.07734375
0 0.48359375 0.0546875 0.16171875 0.04296875
0 0.59765625 0.04453125 0.13984375 0.0796875
0 0.6828125 0.01875 0.190625 0.0375
0 0.35 0.03125 0.20234375 0.0625
0 0.17265625 0.0734375 0.09453125 0.046875
0 0.04140625 0.11484375 0.0828125 0.09375
0 0.1359375 0.57421875 0.153125 0.1203125