0 0.8609375 0.83515625 0.13984375 0.18828125
0 0.7703125 0.9125 0.09765625 0.12109375
0 0.59453125 0.92890625 0.21328125 0.1421875
0 0.4890625 0.88984375 0.1140625 0.1140625
0 0.334375 0.95234375 0.146875 0.0953125
0 0.41796875 0.76875 0.11875 0.075
0 0.55390625 0.7625 0.08984375 0.07890625
0 0.66015625 0.74296875 0.10234375 0.09765625
0 0.65 0.53984375 0.07734375 0.04609375
0 0.57265625 0.5453125 0.03828125 0.0265625
0 0.5328125 0.57421875 0.05546875 0.04296875
0 0.44609375 0.534375 0.215625 0.13515625
0 0.19921875 0.6859375 0.34375 0.21328125
0 0.06640625 0.87890625 0.1328125 0.1921875
0 0.88515625 0.590625 0.1875 0.2796875
0 0.60625 0.41484375 0.1296875 0.11953125