0 0.28203125 0.65 0.45859375 0.290625
0 0.12890625 0.903125 0.1234375 0.19375
0 0.64140625 0.71484375 0.15546875 0.1609375
0 0.68828125 0.87421875 0.08125 0.12421875
0 0.809375 0.8234375 0.14453125 0.14453125
0 0.8234375 0.66875 0.17890625 0.128125
0 0.9453125 0.78984375 0.109375 0.1296875
0 0.88671875 0.5640625 0.2171875 0.11015625
0 0.71796875 0.4609375 0.10234375 0.07109375
0 0.7375 0.4015625 0.171875 0.09453125
0 0.93046875 0.3671875 0.1390625 0.06171875
0 0.4828125 0.43984375 0.065625 0.07109375
0 0.24375 0.4234375 0.090625 0.05234375
0 0.59296875 0.55234375 0.1546875 0.14375