0 0.5765625 0.8171875 0.31171875 0.22265625
0 0.5640625 0.503125 0.225 0.10859375
0 0.646875 0.4015625 0.18046875 0.0640625
0 0.64375 0.325 0.1046875 0.0359375
0 0.53046875 0.3703125 0.16015625 0.0765625
0 0.3796875 0.43671875 0.1109375 0.0515625
0 0.3921875 0.39375 0.09296875 0.03671875
0 0.34375 0.3578125 0.0921875 0.03828125
0 0.2984375 0.40859375 0.05078125 0.028125
0 0.21484375 0.628125 0.128125 0.20234375
0 0.1203125 0.8 0.1046875 0.1109375
0 0.46328125 0.33671875 0.0625 0.0328125
0 0.43203125 0.259375 0.05546875 0.02421875
0 0.38671875 0.30234375 0.0625 0.0421875
0 0.58671875 0.23125 0.078125 0.03046875
0 0.55546875 0.28125 0.13203125 0.09765625
0 0.66015625 0.21796875 0.0515625 0.034375
0 0.57109375 0.1734375 0.1109375 0.04765625