0 0.84921875 0.46484375 0.1875 0.078125
0 0.55 0.5265625 0.54140625 0.0828125
0 0.578125 0.5875 0.1671875 0.096875
0 0.47265625 0.6734375 0.24921875 0.053125
0 0.75703125 0.7765625 0.46953125 0.12421875
0 0.6046875 0.91015625 0.2984375 0.12890625
0 0.2703125 0.8015625 0.25078125 0.08203125
0 0.16171875 0.9390625 0.175 0.0578125
0 0.01875 0.72421875 0.0375 0.07734375
0 0.18125 0.52734375 0.11328125 0.0609375
0 0.5953125 0.3296875 0.134375 0.06640625
0 0.8546875 0.2671875 0.11640625 0.05078125
0 0.865625 0.21171875 0.09453125 0.0421875
0 0.96875 0.15078125 0.0625 0.0421875
0 0.5921875 0.16328125 0.11015625 0.07890625
0 0.61171875 0.2546875 0.07109375 0.0375
0 0.51015625 0.24296875 0.06640625 0.04140625
0 0.71015625 0.22265625 0.09375 0.05625
0 0.30390625 0.18046875 0.14921875 0.071875
0 0.1625 0.240625 0.0671875 0.059375
0 0.03671875 0.39921875 0.0734375 0.0453125