0 0.8421875 0.803125 0.315625 0.21484375
0 0.20234375 0.79765625 0.19453125 0.21328125
0 0.1703125 0.64140625 0.22890625 0.1359375
0 0.14765625 0.5171875 0.21171875 0.1265625
0 0.50234375 0.48046875 0.54296875 0.34921875
0 0.31796875 0.275 0.175 0.08125
0 0.609375 0.16796875 0.1671875 0.07265625
0 0.43046875 0.19609375 0.2078125 0.0828125
0 0.25625 0.16328125 0.1234375 0.0921875
0 0.13125 0.15078125 0.08515625 0.040625
0 0.4578125 0.075 0.125 0.06171875
0 0.34765625 0.0953125 0.11015625 0.06875
0 0.75390625 0.11953125 0.09453125 0.040625
0 0.56015625 0.09921875 0.14609375 0.0328125
0 0.6546875 0.04375 0.1703125 0.075
0 0.35078125 0.04296875 0.0828125 0.0265625
0 0.23203125 0.075 0.11875 0.03984375
0 0.36875 0.0109375 0.0625 0.021875