0 0.60615625 0.7785 0.195765625 0.06434375
0 0.38878124999999997 0.8340937500000001 0.215078125 0.052390625
0 0.53309375 0.9283125 0.242640625 0.09375
0 0.7408125 0.8345625 0.128671875 0.056984375
0 0.3295 0.63096875 0.11121875 0.072609375
0 0.40717187499999996 0.558359375 0.08271875 0.028499999999999998
0 0.61396875 0.610296875 0.1470625 0.051468749999999994
0 0.5376875 0.504140625 0.125 0.043203124999999995
0 0.336390625 0.45496875000000003 0.097421875 0.0533125
0 0.74403125 0.519765625 0.11304687499999999 0.061578125
0 0.9126875 0.7789531249999999 0.051468749999999994 0.034