0 0.859375 0.83984375 0.15234375 0.1859375
0 0.76875 0.91484375 0.1265625 0.12421875
0 0.62421875 0.9140625 0.11875 0.11484375
0 0.56171875 0.978125 0.125 0.04375
0 0.484375 0.88203125 0.11953125 0.1203125
0 0.546875 0.74453125 0.10078125 0.1140625
0 0.66328125 0.7359375 0.1140625 0.11484375
0 0.41953125 0.7625 0.1078125 0.08125
0 0.32890625 0.9453125 0.1296875 0.109375
0 0.1984375 0.790625 0.396875 0.4
0 0.53359375 0.571875 0.05078125 0.04765625
0 0.646875 0.5484375 0.084375 0.05625
0 0.56796875 0.54765625 0.0328125 0.0265625
0 0.4640625 0.52421875 0.1390625 0.11015625
0 0.87421875 0.57265625 0.0609375 0.07734375
0 0.59765625 0.38671875 0.153125 0.215625