0 0.43359375 0.821875 0.37734375 0.25078125
0 0.453125 0.50859375 0.23984375 0.14609375
0 0.603125 0.4328125 0.0953125 0.059375
0 0.3578125 0.403125 0.1703125 0.0609375
0 0.3328125 0.328125 0.13359375 0.046875
0 0.4625 0.38203125 0.13359375 0.0625
0 0.53359375 0.33671875 0.0625 0.040625
0 0.64375 0.3515625 0.09453125 0.03125
0 0.6 0.38828125 0.08515625 0.04140625
0 0.6890625 0.39296875 0.05546875 0.021875
0 0.7546875 0.51875 0.04921875 0.04921875
0 0.71015625 0.60078125 0.05234375 0.03359375
0 0.89453125 0.7609375 0.1140625 0.09921875
0 0.8140625 0.6265625 0.11875 0.14609375
0 0.44765625 0.3265625 0.0703125 0.0359375
0 0.41328125 0.30625 0.11796875 0.0359375
0 0.4484375 0.2859375 0.08515625 0.03359375
0 0.44375 0.26328125 0.05625 0.0203125
0 0.465625 0.25 0.0484375 0.02265625
0 0.54375 0.259375 0.07109375 0.02265625
0 0.59453125 0.290625 0.0828125 0.04140625
0 0.39921875 0.24296875 0.0703125 0.03203125
0 0.32734375 0.2375 0.04453125 0.02265625
0 0.38515625 0.18828125 0.05703125 0.0390625
0 0.48203125 0.18984375 0.11875 0.0421875
0 0.41875 0.15546875 0.04765625 0.0265625