0 0.719671875 0.7320781249999999 0.21690625 0.177390625
0 0.517 0.57996875 0.17371875 0.069859375
0 0.47426562499999997 0.7164531249999999 0.20220312499999998 0.12040625
0 0.48575 0.8350156249999999 0.2435625 0.140625
0 0.27159374999999997 0.9007343750000001 0.37225 0.19853125
0 0.33134375 0.46415625 0.133265625 0.08271875
0 0.61121875 0.42601562499999995 0.10110937499999999 0.061578125
0 0.501375 0.24540625 0.10018750000000001 0.0404375
0 0.49126562500000004 0.328578125 0.12959375 0.061578125
0 0.9011875 0.5859375 0.18290625 0.17003125
0 0.75 0.48621875000000003 0.161765625 0.09375
0 0.9310625 0.9342812500000001 0.137875 0.1314375
0 0.36534374999999997 0.327203125 0.1535 0.0625