0 0.87109375 0.825 0.1234375 0.13515625
0 0.6203125 0.72578125 0.1046875 0.06328125
0 0.62265625 0.634375 0.0890625 0.05859375
0 0.6578125 0.58515625 0.0515625 0.025
0 0.41640625 0.509375 0.16171875 0.0765625
0 0.57421875 0.509375 0.103125 0.078125
0 0.5140625 0.3859375 0.22734375 0.12421875
0 0.83203125 0.328125 0.05390625 0.02734375
0 0.69140625 0.3 0.0765625 0.03515625
0 0.69921875 0.24921875 0.09453125 0.0421875
0 0.59140625 0.23046875 0.1 0.04296875
0 0.55078125 0.2875 0.07421875 0.03984375
0 0.82265625 0.20234375 0.05703125 0.03828125
0 0.66875 0.16796875 0.1453125 0.02734375
0 0.7234375 0.1234375 0.084375 0.01875
0 0.77734375 0.0765625 0.103125 0.05859375
0 0.7171875 0.0171875 0.0609375 0.02265625
0 0.225 0.8375 0.15625 0.125