0 0.64609375 0.57890625 0.38203125 0.17890625
0 0.69765625 0.85859375 0.6015625 0.2828125
0 0.25 0.80703125 0.24453125 0.10859375
0 0.13828125 0.93671875 0.2765625 0.1265625
0 0.85859375 0.4734375 0.15 0.071875
0 0.584375 0.32734375 0.12578125 0.05078125
0 0.8671875 0.2140625 0.0875 0.04375
0 0.834375 0.2703125 0.109375 0.04609375
0 0.6828125 0.23046875 0.06640625 0.03515625
0 0.61328125 0.2640625 0.0765625 0.04375
0 0.20078125 0.52734375 0.1296875 0.0671875
0 0.0234375 0.725 0.046875 0.084375
0 0.0359375 0.40078125 0.071875 0.04765625
0 0.3 0.18203125 0.115625 0.05546875
0 0.58828125 0.153125 0.1046875 0.0734375
0 0.50703125 0.23203125 0.0828125 0.0359375
0 0.3640625 0.415625 0.05078125 0.053125
0 0.59296875 0.45859375 0.31328125 0.075