0 0.50078125 0.48125 0.55859375 0.3234375
0 0.85078125 0.79453125 0.2984375 0.2203125
0 0.15 0.5125 0.2203125 0.1125
0 0.18515625 0.76796875 0.27265625 0.36640625
0 0.34140625 0.278125 0.140625 0.06640625
0 0.4296875 0.1890625 0.17578125 0.08125
0 0.62109375 0.1734375 0.15234375 0.06953125
0 0.746875 0.12109375 0.10859375 0.0375
0 0.71171875 0.0734375 0.08203125 0.034375
0 0.64453125 0.0359375 0.14609375 0.03984375
0 0.56328125 0.096875 0.11875 0.05546875
0 0.425 0.12421875 0.1234375 0.02734375
0 0.3984375 0.0734375 0.246875 0.0625
0 0.225 0.16015625 0.17734375 0.10078125
0 0.20546875 0.07734375 0.06171875 0.0296875
0 0.89765625 0.04296875 0.08125 0.03671875
0 0.99140625 0.05703125 0.0171875 0.04765625