0 0.3998125 0.636484375 0.23896875 0.11673437499999999
0 0.40303125 0.8028437500000001 0.179234375 0.135109375
0 0.360296875 0.5105625 0.161765625 0.078125
0 0.589609375 0.40992187500000005 0.0965 0.075375
0 0.70496875 0.47610937499999995 0.246328125 0.055140625
0 0.741265625 0.5845625 0.230703125 0.119484375
0 0.8460468750000001 0.73896875 0.12959375 0.108453125
0 0.153953125 0.657625 0.12959375 0.091
0 0.32675 0.41773437500000005 0.168203125 0.046875
0 0.4595625 0.3203125 0.12684375 0.072609375
0 0.699453125 0.246328125 0.17279687500000002 0.051468749999999994
0 0.65440625 0.3175625 0.1966875 0.074453125
0 0.875 0.3060625 0.07353125 0.0404375
0 0.6819843750000001 0.1783125 0.13970312499999998 0.069859375
0 0.20496875 0.297796875 0.34375 0.090078125
0 0.5179218750000001 0.224265625 0.06709375 0.034921875000000005