0 0.26796875 0.83671875 0.5359375 0.296875
0 0.665625 0.628125 0.28046875 0.2265625
0 0.92109375 0.78359375 0.1515625 0.13984375
0 0.7796875 0.95234375 0.2984375 0.0953125
0 0.96953125 0.56015625 0.0578125 0.10234375
0 0.88125 0.46640625 0.14375 0.10625
0 0.6984375 0.4015625 0.16328125 0.06796875
0 0.578125 0.36171875 0.14609375 0.0703125
0 0.6953125 0.2984375 0.09921875 0.05390625
0 0.334375 0.42265625 0.4421875 0.23671875
0 0.04375 0.4 0.08671875 0.06796875
0 0.0375 0.66875 0.075 0.115625
0 0.5015625 0.28984375 0.20859375 0.071875
0 0.88359375 0.28671875 0.10859375 0.0671875
0 0.65703125 0.20390625 0.17890625 0.06171875
0 0.5015625 0.18828125 0.1046875 0.03984375
0 0.425 0.21953125 0.1203125 0.03984375
0 0.22421875 0.221875 0.23203125 0.096875
0 0.35390625 0.15078125 0.28359375 0.053125
0 0.59375 0.11875 0.16171875 0.065625
0 0.71953125 0.14921875 0.14375 0.0546875
0 0.78046875 0.0953125 0.190625 0.0984375
0 0.41953125 0.09609375 0.1109375 0.046875
0 0.51328125 0.05703125 0.10078125 0.046875
0 0.590625 0.0609375 0.09921875 0.0328125
0 0.6515625 0.02265625 0.2375 0.0453125
0 0.36796875 0.0375 0.2 0.0578125
0 0.16796875 0.07421875 0.1171875 0.05