0 0.55859375 0.83984375 0.41328125 0.29140625
0 0.14296875 0.8328125 0.2859375 0.334375
0 0.13984375 0.6140625 0.23828125 0.24921875
0 0.61171875 0.34453125 0.25625 0.08359375
0 0.70234375 0.43046875 0.115625 0.08515625
0 0.80078125 0.47265625 0.071875 0.053125
0 0.8390625 0.58671875 0.0578125 0.05703125
0 0.76875 0.6703125 0.08515625 0.08984375
0 0.81015625 0.75859375 0.07109375 0.08515625
0 0.5296875 0.5359375 0.165625 0.07421875
0 0.396875 0.64140625 0.09453125 0.08203125
0 0.3328125 0.428125 0.07109375 0.05546875
0 0.37265625 0.3265625 0.17578125 0.05