0 0.72471875 0.8405312500000001 0.550546875 0.3189375
0 0.3373125 0.632796875 0.2904375 0.19209375
0 0.680140625 0.42874999999999996 0.41360937499999995 0.18657812499999998
0 0.49907812500000004 0.2775625 0.18565625 0.10110937499999999
0 0.76240625 0.220109375 0.241734375 0.12040625
0 0.3529375 0.193921875 0.174625 0.088234375
0 0.125453125 0.467359375 0.177390625 0.10201562500000001
0 0.31571875 0.396578125 0.1810625 0.072609375
0 0.44164062499999995 0.35521875 0.171875 0.07628125
0 0.094203125 0.77525 0.15717187500000002 0.10570312500000001
0 0.25 0.943 0.360296875 0.113984375
0 0.9554218750000001 0.39842187500000004 0.08915625 0.10570312500000001
0 0.9618593750000001 0.67875 0.07628125 0.18657812499999998
0 0.296875 0.2816875 0.10478125 0.085484375
0 0.233 0.124984375 0.1939375 0.09559375
0 0.579046875 0.218265625 0.11396875 0.059750000000000004
0 0.6314375 0.13646875 0.264703125 0.11673437499999999