0 0.2375 0.82109375 0.11015625 0.09765625
0 0.30078125 0.94296875 0.09453125 0.1140625
0 0.2125 0.9453125 0.090625 0.109375
0 0.071875 0.93125 0.075 0.1375
0 0.35546875 0.6578125 0.10234375 0.08984375
0 0.4171875 0.71796875 0.09921875 0.11015625
0 0.25859375 0.7140625 0.07421875 0.06171875
0 0.35546875 0.8390625 0.08984375 0.1390625
0 0.5546875 0.81640625 0.11875 0.11484375
0 0.55 0.68828125 0.07734375 0.0625
0 0.58125 0.9421875 0.1375 0.115625
0 0.8 0.9171875 0.11953125 0.165625
0 0.721875 0.771875 0.1875 0.25078125
0 0.578125 0.61328125 0.09765625 0.05234375
0 0.33828125 0.5484375 0.08671875 0.06171875
0 0.39921875 0.5015625 0.14921875 0.12109375
0 0.528125 0.5390625 0.04375 0.03046875
0 0.6390625 0.54296875 0.08203125 0.0453125