0 0.68125 0.82265625 0.20625 0.3546875
0 0.1265625 0.9046875 0.253125 0.190625
0 0.40546875 0.76953125 0.17890625 0.18828125
0 0.434375 0.95078125 0.21328125 0.0984375
0 0.51875 0.61796875 0.0953125 0.0796875
0 0.65625 0.5609375 0.21171875 0.11640625
0 0.4640625 0.52109375 0.15625 0.13046875
0 0.28828125 0.546875 0.1296875 0.07890625
0 0.1953125 0.7046875 0.15546875 0.109375
0 0.9 0.70078125 0.2 0.1484375
0 0.8625 0.37890625 0.275 0.1359375
0 0.7484375 0.4640625 0.071875 0.05
0 0.62890625 0.4125 0.16484375 0.08359375
0 0.4984375 0.4140625 0.10546875 0.05390625
0 0.4015625 0.440625 0.0796875 0.059375
0 0.32890625 0.4296875 0.0734375 0.0375
0 0.05078125 0.65703125 0.0765625 0.04609375
0 0.48359375 0.34765625 0.06875 0.05703125
0 0.57734375 0.3125 0.18203125 0.05703125
0 0.49765625 0.2359375 0.0578125 0.0625