0 0.415625 0.8 0.25703125 0.15859375
0 0.26640625 0.70390625 0.103125 0.0453125
0 0.31796875 0.60859375 0.0796875 0.04609375
0 0.62890625 0.7 0.07734375 0.06953125
0 0.85390625 0.68984375 0.04921875 0.053125
0 0.96171875 0.5875 0.0765625 0.034375
0 0.66875 0.60078125 0.07265625 0.03984375
0 0.7296875 0.64453125 0.0640625 0.03203125
0 0.91875 0.47109375 0.04609375 0.034375
0 0.8640625 0.4953125 0.04453125 0.03671875
0 0.79296875 0.40078125 0.053125 0.02890625
0 0.71640625 0.39375 0.04140625 0.028125
0 0.3546875 0.44921875 0.096875 0.04765625
0 0.33984375 0.409375 0.06015625 0.02421875
0 0.54765625 0.42578125 0.04921875 0.025
0 0.3546875 0.30234375 0.0515625 0.0359375
0 0.06796875 0.20859375 0.1296875 0.04765625
0 0.17265625 0.17578125 0.1046875 0.0421875
0 0.22890625 0.15703125 0.0375 0.00625
0 0.7328125 0.93671875 0.40703125 0.12578125