0 0.84921875 0.84765625 0.18203125 0.1578125
0 0.7625 0.9203125 0.12421875 0.1265625
0 0.62578125 0.91484375 0.15078125 0.11875
0 0.5640625 0.98125 0.1625 0.0375
0 0.48515625 0.8890625 0.1109375 0.11484375
0 0.33828125 0.9453125 0.14375 0.109375
0 0.65703125 0.74609375 0.11953125 0.10234375
0 0.55625 0.75703125 0.1234375 0.10625
0 0.4109375 0.76796875 0.10859375 0.0765625
0 0.596875 0.5609375 0.18359375 0.0875
0 0.8953125 0.59609375 0.1 0.0796875
0 0.46875 0.528125 0.16875 0.11796875
0 0.20078125 0.78203125 0.4015625 0.4359375
0 0.3328125 0.43125 0.09921875 0.09453125