0 0.3734375 0.9046875 0.11328125 0.11328125
0 0.42265625 0.978125 0.1515625 0.04375
0 0.51171875 0.88125 0.1125 0.1109375
0 0.66171875 0.9578125 0.13203125 0.075
0 0.59765625 0.7671875 0.11015625 0.09296875
0 0.4515625 0.7546875 0.0796875 0.09453125
0 0.33046875 0.77421875 0.12421875 0.1515625
0 0.153125 0.83984375 0.146875 0.14765625
0 0.2484375 0.925 0.12890625 0.13359375
0 0.371875 0.53515625 0.08984375 0.03671875
0 0.42734375 0.54609375 0.0421875 0.0265625
0 0.46484375 0.57265625 0.0625 0.040625
0 0.81015625 0.775 0.3796875 0.45
0 0.675 0.44453125 0.08359375 0.10625
0 0.51484375 0.5125 0.15234375 0.103125
0 0.45703125 0.3671875 0.24921875 0.1921875