0 0.58125 0.73359375 0.23046875 0.12890625
0 0.64609375 0.56171875 0.09375 0.04140625
0 0.79921875 0.5640625 0.2046875 0.0640625
0 0.7390625 0.628125 0.278125 0.0875
0 0.71328125 0.93125 0.1734375 0.1375
0 0.56796875 0.9 0.06953125 0.0359375
0 0.34296875 0.60546875 0.16484375 0.06953125
0 0.4234375 0.540625 0.13203125 0.0375
0 0.48984375 0.47578125 0.2 0.090625
0 0.70546875 0.46796875 0.3171875 0.11796875
0 0.76484375 0.4203125 0.07421875 0.040625
0 0.7328125 0.346875 0.12109375 0.07265625
0 0.54609375 0.36796875 0.08984375 0.0515625
0 0.41875 0.4046875 0.18046875 0.05625
0 0.2328125 0.42734375 0.1578125 0.0625
0 0.06328125 0.525 0.12109375 0.10390625
0 0.38671875 0.2890625 0.10234375 0.04140625
0 0.45 0.23125 0.0515625 0.028125
0 0.5125 0.24140625 0.08125 0.03984375
0 0.61328125 0.2765625 0.0890625 0.03203125
0 0.69140625 0.221875 0.06875 0.025
0 0.5671875 0.21015625 0.090625 0.046875