0 0.5609375 0.828125 0.184375 0.15
0 0.56153125 0.49503125 0.216796875 0.14553125
0 0.651953125 0.40965625 0.1671875 0.088078125
0 0.543359375 0.37703125000000004 0.121875 0.081421875
0 0.659765625 0.32546875000000003 0.1203125 0.07203125
0 0.592 0.311015625 0.090234375 0.050921875000000005
0 0.563671875 0.28034375 0.084375 0.05600000000000001
0 0.40078125 0.37879687500000003 0.07890625 0.04978125
0 0.38106249999999997 0.423328125 0.105859375 0.076359375
0 0.356640625 0.35164062500000004 0.0609375 0.0384375
0 0.60546875 0.242828125 0.04765625 0.027859375
0 0.11015625 0.752890625 0.13828125 0.14560937499999999