0 0.41328125 0.52109375 0.171875 0.1046875
0 0.57109375 0.521875 0.1140625 0.06328125
0 0.55234375 0.3890625 0.25546875 0.13046875
0 0.55390625 0.284375 0.1 0.0625
0 0.665625 0.271875 0.14609375 0.09921875
0 0.82421875 0.32734375 0.075 0.0578125
0 0.8359375 0.2015625 0.0671875 0.05546875
0 0.6671875 0.1765625 0.16015625 0.0640625
0 0.70390625 0.1234375 0.10234375 0.03671875
0 0.76484375 0.07734375 0.09765625 0.0484375
0 0.72578125 0.0203125 0.0484375 0.02265625
0 0.56875 0.0953125 0.05546875 0.02734375
0 0.87421875 0.840625 0.15 0.184375
0 0.6515625 0.73359375 0.1984375 0.084375
0 0.63203125 0.6078125 0.1125 0.078125