0 0.440625 0.60546875 0.16796875 0.12421875
0 0.409375 0.784375 0.14375 0.16015625
0 0.84453125 0.8046875 0.215625 0.24375
0 0.7828125 0.58828125 0.14453125 0.1546875
0 0.73984375 0.39140625 0.10859375 0.2015625
0 0.65078125 0.259375 0.09921875 0.090625
0 0.528125 0.26328125 0.09296875 0.0890625
0 0.4671875 0.3953125 0.09765625 0.0734375
0 0.32421875 0.48515625 0.128125 0.10078125
0 0.21953125 0.63203125 0.07421875 0.10234375
0 0.38828125 0.2265625 0.0765625 0.0453125
0 0.54921875 0.15078125 0.21796875 0.134375
0 0.57734375 0.47109375 0.05859375 0.0671875