0 0.721875 0.55546875 0.50078125 0.30546875
0 0.8984375 0.85859375 0.203125 0.25625
0 0.2890625 0.940625 0.28203125 0.11875
0 0.2625 0.71171875 0.09296875 0.04375
0 0.35546875 0.71953125 0.0890625 0.03671875
0 0.38359375 0.6546875 0.07109375 0.0375
0 0.41015625 0.56015625 0.0484375 0.028125
0 0.21484375 0.57109375 0.1609375 0.053125
0 0.16328125 0.5203125 0.04765625 0.04140625
0 0.23203125 0.48046875 0.08203125 0.03203125
0 0.0796875 0.76328125 0.159375 0.1765625
0 0.0984375 0.4515625 0.196875 0.0875
0 0.69453125 0.3484375 0.2328125 0.0796875