0 0.8442031249999999 0.8019375 0.258265625 0.24540625
0 0.78125 0.48482812500000005 0.21875 0.37959375
0 0.4283125 0.597421875 0.18565625 0.09375
0 0.3970625 0.7991718750000001 0.174625 0.147984375
0 0.22149999999999997 0.629140625 0.12132812500000001 0.1314375
0 0.313421875 0.48392187499999995 0.169125 0.10201562500000001
0 0.46001562500000004 0.392921875 0.12959375 0.103859375
0 0.381890625 0.23253125 0.081796875 0.047796875
0 0.515625 0.1355625 0.11396875 0.091
0 0.663140625 0.273890625 0.135109375 0.106625
0 0.516546875 0.258734375 0.10293749999999999 0.08915625