0 0.71171875 0.94375 0.22734375 0.1125
0 0.64296875 0.83984375 0.08359375 0.12109375
0 0.7515625 0.825 0.09375 0.1125
0 0.734375 0.71484375 0.053125 0.059375
0 0.6265625 0.71171875 0.17109375 0.17578125
0 0.4421875 0.68828125 0.10390625 0.04609375
0 0.4515625 0.8109375 0.1046875 0.128125
0 0.4109375 0.94140625 0.184375 0.1171875
0 0.29453125 0.78359375 0.16484375 0.225
0 0.11875 0.91953125 0.2375 0.1609375
0 0.40703125 0.6203125 0.05625 0.0265625
0 0.67578125 0.54609375 0.06640625 0.0625
0 0.60625 0.55234375 0.02109375 0.0203125
0 0.6125 0.50390625 0.14765625 0.12890625
0 0.46796875 0.5375 0.05390625 0.02421875
0 0.37734375 0.54375 0.08359375 0.03828125