0 0.6453125 0.54140625 0.09921875 0.05859375
0 0.5765625 0.55546875 0.04609375 0.028125
0 0.5390625 0.56953125 0.0578125 0.04375
0 0.54453125 0.75859375 0.13359375 0.125
0 0.65546875 0.73828125 0.1125 0.11953125
0 0.8796875 0.84453125 0.1359375 0.1625
0 0.771875 0.92265625 0.12109375 0.13515625
0 0.634375 0.90703125 0.1265625 0.11953125
0 0.55703125 0.97890625 0.13046875 0.0421875
0 0.49765625 0.878125 0.1078125 0.13125
0 0.359375 0.94296875 0.171875 0.1140625
0 0.42109375 0.7734375 0.11875 0.0984375
0 0.1890625 0.78125 0.378125 0.4125
0 0.48515625 0.53046875 0.1671875 0.146875
0 0.3203125 0.446875 0.16640625 0.13125
0 0.56875 0.365625 0.2078125 0.15234375