0 0.13125 0.85859375 0.1359375 0.18203125
0 0.22734375 0.92265625 0.096875 0.11640625
0 0.37265625 0.9046875 0.1109375 0.10546875
0 0.4390625 0.9734375 0.14453125 0.053125
0 0.5125 0.896875 0.090625 0.11875
0 0.66796875 0.95546875 0.15234375 0.0890625
0 0.58203125 0.75859375 0.078125 0.0671875
0 0.446875 0.753125 0.0890625 0.103125
0 0.3296875 0.74921875 0.10546875 0.10234375
0 0.36328125 0.5359375 0.075 0.0375
0 0.42578125 0.5484375 0.04296875 0.021875
0 0.46875 0.5765625 0.05 0.04140625
0 0.73828125 0.6265625 0.5234375 0.353125
0 0.928125 0.88203125 0.14375 0.2359375
0 0.42421875 0.37109375 0.171875 0.17890625