0 0.396875 0.6375 0.17734375 0.1078125
0 0.4015625 0.82109375 0.165625 0.1234375
0 0.690625 0.93515625 0.271875 0.1296875
0 0.86328125 0.740625 0.0734375 0.0890625
0 0.80234375 0.60546875 0.10859375 0.0921875
0 0.696875 0.5625 0.16875 0.08671875
0 0.65390625 0.4734375 0.15546875 0.059375
0 0.7640625 0.46796875 0.08515625 0.0625
0 0.58515625 0.40625 0.125 0.04375
0 0.54921875 0.3703125 0.06875 0.059375
0 0.3703125 0.50625 0.153125 0.090625
0 0.23125 0.5921875 0.08984375 0.109375
0 0.13203125 0.6703125 0.14375 0.071875
0 0.115625 0.7671875 0.06875 0.07890625
0 0.0203125 0.8125 0.040625 0.10078125
0 0.02734375 0.70859375 0.0546875 0.0921875
0 0.0171875 0.63515625 0.034375 0.0671875
0 0.0953125 0.4953125 0.11953125 0.06953125
0 0.1375 0.553125 0.12109375 0.0640625
0 0.24296875 0.48046875 0.12109375 0.07109375
0 0.32890625 0.4203125 0.12578125 0.05703125
0 0.1859375 0.37890625 0.1578125 0.04140625
0 0.1625 0.44609375 0.13984375 0.05703125
0 0.4328125 0.396875 0.1140625 0.04140625
0 0.39296875 0.446875 0.2015625 0.0609375
0 0.44453125 0.31640625 0.09453125 0.0515625
0 0.58984375 0.30859375 0.096875 0.021875
0 0.628125 0.3328125 0.0625 0.02421875
0 0.7390625 0.321875 0.11953125 0.03671875
0 0.853125 0.30703125 0.0640625 0.0296875
0 0.73515625 0.35703125 0.08984375 0.034375
0 0.67890625 0.38671875 0.05703125 0.0265625
0 0.6984375 0.246875 0.15625 0.028125
0 0.678125 0.275 0.09296875 0.04296875
0 0.534375 0.27890625 0.0875 0.028125
0 0.521875 0.2234375 0.07109375 0.01953125
0 0.6546875 0.19375 0.1671875 0.04609375