0 0.25859375 0.6890625 0.1671875 0.1078125
0 0.796875 0.7609375 0.07734375 0.03984375
0 0.88671875 0.88125 0.1734375 0.1046875
0 0.68359375 0.6859375 0.07265625 0.0265625
0 0.6 0.6609375 0.0890625 0.04375
0 0.6921875 0.25078125 0.075 0.03828125
0 0.76796875 0.33515625 0.14765625 0.12421875
0 0.6609375 0.20390625 0.07890625 0.04296875
0 0.41484375 0.25390625 0.10390625 0.0640625
0 0.24140625 0.325 0.12578125 0.08828125
0 0.22421875 0.209375 0.103125 0.03671875
0 0.19453125 0.1609375 0.06328125 0.02109375