0 0.66015625 0.62109375 0.3125 0.21328125
0 0.92109375 0.78203125 0.1578125 0.125
0 0.76875 0.9421875 0.315625 0.115625
0 0.26484375 0.84609375 0.5296875 0.3078125
0 0.0328125 0.6890625 0.065625 0.13671875
0 0.96953125 0.55234375 0.0578125 0.084375
0 0.8765625 0.46171875 0.1546875 0.10625
0 0.69453125 0.39140625 0.19765625 0.08359375
0 0.58359375 0.3453125 0.12109375 0.06875
0 0.3203125 0.415625 0.4125 0.21796875
0 0.65390625 0.2 0.19375 0.05546875
0 0.4984375 0.2828125 0.1921875 0.07734375
0 0.6984375 0.2984375 0.1046875 0.0578125
0 0.88671875 0.26875 0.18046875 0.12421875
0 0.49921875 0.18359375 0.0890625 0.025
0 0.42578125 0.2171875 0.10859375 0.0453125
0 0.22109375 0.21484375 0.234375 0.07421875
0 0.0390625 0.403125 0.078125 0.065625
0 0.36328125 0.14765625 0.2859375 0.053125
0 0.59140625 0.1171875 0.1609375 0.03984375
0 0.71484375 0.15 0.14765625 0.0515625
0 0.78046875 0.0984375 0.2 0.0953125
0 0.59765625 0.04140625 0.32890625 0.0828125
0 0.42265625 0.09296875 0.11875 0.04609375
0 0.359375 0.03671875 0.2078125 0.071875
0 0.178125 0.06953125 0.1453125 0.04765625
0 0.053125 0.13046875 0.05625 0.05703125