0 0.7265625 0.55859375 0.471875 0.28046875
0 0.91640625 0.87265625 0.1671875 0.2546875
0 0.296875 0.93671875 0.34765625 0.1265625
0 0.075 0.759375 0.15 0.18359375
0 0.26171875 0.721875 0.059375 0.03828125
0 0.340625 0.7140625 0.0796875 0.0375
0 0.38984375 0.65390625 0.06640625 0.0484375
0 0.41015625 0.56328125 0.046875 0.02421875
0 0.1921875 0.565625 0.11640625 0.040625
0 0.24375 0.47734375 0.1125 0.05234375
0 0.1515625 0.5234375 0.06328125 0.025
0 0.11875 0.45390625 0.2375 0.08125
0 0.70078125 0.365625 0.2234375 0.09765625