0 0.4703125 0.38125 0.234375 0.103125
0 0.5890625 0.51171875 0.14609375 0.09765625
0 0.43828125 0.5171875 0.125 0.071875
0 0.34375 0.57890625 0.0625 0.03046875
0 0.3734375 0.6296875 0.08359375 0.04140625
0 0.34765625 0.7296875 0.13671875 0.0765625
0 0.121875 0.8171875 0.13359375 0.13046875
0 0.1796875 0.334375 0.06328125 0.059375
0 0.325 0.2703125 0.1265625 0.078125
0 0.3171875 0.3671875 0.071875 0.05234375
0 0.3375 0.17734375 0.17734375 0.06953125
0 0.41171875 0.22734375 0.08671875 0.04296875
0 0.44140625 0.28984375 0.084375 0.046875
0 0.184375 0.20703125 0.05859375 0.05078125
0 0.27734375 0.125 0.09453125 0.0296875
0 0.24375 0.08671875 0.13046875 0.0296875
0 0.278125 0.01640625 0.05625 0.02734375