0 0.657421875 0.820515625 0.25625 0.358984375
0 0.129296875 0.903515625 0.2 0.19296875
0 0.1890625 0.683140625 0.12421875 0.08815625
0 0.38515625 0.769296875 0.20390625 0.147171875
0 0.307625 0.5676875 0.146484375 0.103359375
0 0.448046875 0.517109375 0.11875 0.123265625
0 0.6234375 0.55734375 0.16484375 0.13343750000000001
0 0.495703125 0.6173124999999999 0.1359375 0.10103124999999999
0 0.85546875 0.39775 0.2890625 0.19315625
0 0.499421875 0.4073125 0.100390625 0.083390625
0 0.61075 0.3995 0.158984375 0.11464062500000001