0 0.70703125 0.6078125 0.484375 0.17734375
0 0.75859375 0.7828125 0.44140625 0.128125
0 0.59609375 0.9125 0.30234375 0.171875
0 0.30390625 0.80078125 0.22578125 0.0921875
0 0.17578125 0.93359375 0.2234375 0.1328125
0 0.18828125 0.51484375 0.11484375 0.09921875
0 0.6984375 0.4578125 0.50078125 0.0953125
0 0.36640625 0.55078125 0.18671875 0.165625
0 0.5765625 0.31875 0.13203125 0.084375
0 0.8515625 0.2453125 0.15546875 0.1078125
0 0.559375 0.15703125 0.128125 0.0984375
0 0.23359375 0.20703125 0.259375 0.14140625
0 0.0578125 0.4125 0.115625 0.059375
0 0.02265625 0.73828125 0.0453125 0.103125