0 0.25625 0.6578125 0.31171875 0.11875
0 0.16015625 0.80546875 0.21484375 0.109375
0 0.4625 0.73046875 0.1828125 0.096875
0 0.58203125 0.68125 0.14453125 0.075
0 0.68359375 0.63203125 0.13359375 0.05546875
0 0.53828125 0.55703125 0.2296875 0.07890625
0 0.65859375 0.490625 0.121875 0.04609375
0 0.4109375 0.490625 0.06328125 0.021875
0 0.4515625 0.4265625 0.1109375 0.059375
0 0.3171875 0.42265625 0.115625 0.05390625
0 0.20390625 0.45546875 0.09296875 0.05078125
0 0.0859375 0.47578125 0.07421875 0.2125
0 0.22109375 0.3328125 0.0875 0.034375
0 0.2625 0.3703125 0.059375 0.0375
0 0.09453125 0.28359375 0.16640625 0.0671875
0 0.7671875 0.78828125 0.19296875 0.05078125
0 0.79140625 0.8890625 0.10078125 0.08828125
0 0.753125 0.96640625 0.121875 0.0671875