0 0.7359375 0.7359375 0.23046875 0.1859375
0 0.4796875 0.8265625 0.225 0.121875
0 0.26328125 0.8953125 0.434375 0.209375
0 0.665625 0.96015625 0.16875 0.0796875
0 0.93359375 0.934375 0.1265625 0.13125
0 0.50546875 0.5828125 0.16171875 0.0640625
0 0.47578125 0.71796875 0.15703125 0.12421875
0 0.30859375 0.68828125 0.09453125 0.096875
0 0.1828125 0.628125 0.12421875 0.11015625
0 0.15234375 0.525 0.1765625 0.08203125
0 0.1234375 0.471875 0.1421875 0.0640625
0 0.1171875 0.34765625 0.234375 0.08359375
0 0.34453125 0.3390625 0.128125 0.0671875
0 0.49921875 0.32890625 0.096875 0.0296875
0 0.3328125 0.484375 0.1421875 0.08125
0 0.4953125 0.4828125 0.18046875 0.15234375
0 0.60625 0.428125 0.0828125 0.0578125
0 0.7921875 0.48125 0.253125 0.065625
0 0.89296875 0.58203125 0.1421875 0.09375
0 0.953125 0.7359375 0.09375 0.1515625
0 0.9265625 0.37734375 0.146875 0.1265625
0 0.77265625 0.30546875 0.13359375 0.05078125
0 0.66796875 0.25703125 0.115625 0.04765625
0 0.49140625 0.2578125 0.19921875 0.06328125
0 0.29375 0.24296875 0.128125 0.01875