0 0.55078125 0.50078125 0.21953125 0.1046875
0 0.58984375 0.81640625 0.2765625 0.22265625
0 0.64609375 0.4015625 0.18359375 0.07109375
0 0.65234375 0.3234375 0.14140625 0.028125
0 0.53359375 0.37734375 0.153125 0.07109375
0 0.39140625 0.4328125 0.11484375 0.05546875
0 0.3859375 0.39296875 0.08359375 0.034375
0 0.34453125 0.359375 0.08125 0.04375
0 0.2953125 0.4015625 0.059375 0.03125
0 0.18984375 0.653125 0.0765625 0.140625
0 0.1234375 0.78984375 0.09765625 0.08984375
0 0.4578125 0.33828125 0.059375 0.0296875
0 0.55 0.321875 0.071875 0.040625
0 0.5796875 0.30078125 0.07265625 0.03984375
0 0.546875 0.2734375 0.06953125 0.028125
0 0.61484375 0.2296875 0.1359375 0.034375
0 0.52421875 0.2453125 0.0609375 0.02109375
0 0.44140625 0.2609375 0.06875 0.02265625
0 0.55546875 0.16015625 0.04765625 0.034375