0 0.559375 0.84765625 0.390625 0.30234375
0 0.53203125 0.5453125 0.15703125 0.1
0 0.3890625 0.63359375 0.0875 0.05859375
0 0.140625 0.74453125 0.25625 0.5109375
0 0.703125 0.44375 0.125 0.08671875
0 0.8 0.471875 0.0828125 0.05859375
0 0.846875 0.5921875 0.053125 0.0453125
0 0.7765625 0.68125 0.10625 0.09296875
0 0.81328125 0.7625 0.06953125 0.065625
0 0.7296875 0.5171875 0.0609375 0.05234375
0 0.609375 0.3453125 0.25703125 0.0921875
0 0.3359375 0.4203125 0.07265625 0.0484375
0 0.37421875 0.32421875 0.19296875 0.05078125