0 0.70546875 0.909375 0.1625 0.096875
0 0.5828125 0.71875 0.18203125 0.1046875
0 0.72734375 0.61875 0.28203125 0.08671875
0 0.80625 0.56171875 0.203125 0.0640625
0 0.640625 0.56328125 0.115625 0.05078125
0 0.3625 0.59453125 0.0734375 0.0328125
0 0.4390625 0.53515625 0.17734375 0.05390625
0 0.47890625 0.48046875 0.25703125 0.07265625
0 0.75390625 0.490625 0.4921875 0.1375
0 0.7671875 0.409375 0.08125 0.03828125
0 0.25546875 0.42734375 0.1578125 0.0515625
0 0.415625 0.4 0.2125 0.05
0 0.55390625 0.36875 0.1109375 0.06171875
0 0.39453125 0.2921875 0.09921875 0.0265625
0 0.7125 0.32734375 0.0828125 0.02109375
0 0.76015625 0.35703125 0.08828125 0.028125
0 0.6140625 0.28203125 0.06953125 0.01953125
0 0.65546875 0.30546875 0.05390625 0.01953125
0 0.65390625 0.33515625 0.034375 0.01484375
0 0.6921875 0.22578125 0.071875 0.01953125
0 0.49296875 0.23828125 0.121875 0.03671875
0 0.54375 0.2046875 0.1125 0.03828125
0 0.36484375 0.24453125 0.10625 0.0296875
0 0.25859375 0.71171875 0.10546875 0.16328125