0 0.89140625 0.67109375 0.21171875 0.1109375
0 0.62578125 0.55234375 0.29140625 0.0921875
0 0.4890625 0.72265625 0.16484375 0.0921875
0 0.14765625 0.63984375 0.2625 0.14921875
0 0.39375 0.4234375 0.18359375 0.0796875
0 0.3578125 0.36875 0.115625 0.02578125
0 0.4359375 0.3484375 0.053125 0.015625
0 0.50703125 0.365625 0.06875 0.01171875
0 0.546875 0.384375 0.09375 0.02109375
0 0.8953125 0.44453125 0.11953125 0.053125
0 0.0640625 0.42734375 0.128125 0.0984375
0 0.16484375 0.33359375 0.075 0.040625