0 0.58515625 0.7921875 0.234375 0.171875
0 0.7375 0.70390625 0.109375 0.059375
0 0.67578125 0.61640625 0.1125 0.0453125
0 0.65078125 0.446875 0.0828125 0.03671875
0 0.61328125 0.4953125 0.0328125 0.03203125
0 0.14765625 0.684375 0.05625 0.053125
0 0.27578125 0.64140625 0.04765625 0.03515625
0 0.37578125 0.70625 0.05625 0.06796875
0 0.33046875 0.59296875 0.07265625 0.04140625
0 0.65703125 0.409375 0.059375 0.025
0 0.465625 0.4234375 0.06640625 0.021875
0 0.2453125 0.39921875 0.1265625 0.03125
0 0.0828125 0.471875 0.02734375 0.02578125
0 0.13671875 0.4953125 0.034375 0.0265625
0 0.0515625 0.571875 0.103125 0.0671875
0 0.921875 0.21953125 0.10625 0.05859375
0 0.8296875 0.17265625 0.09453125 0.03828125