0 0.65 0.4828125 0.1203125 0.05703125
0 0.565625 0.553125 0.2171875 0.07109375
0 0.5828125 0.6703125 0.16796875 0.078125
0 0.45 0.73671875 0.17578125 0.1078125
0 0.2734375 0.66484375 0.30234375 0.10625
0 0.18359375 0.81484375 0.1984375 0.10234375
0 0.83984375 0.9234375 0.3203125 0.153125
0 0.3125 0.41875 0.0921875 0.02265625
0 0.2078125 0.46171875 0.11953125 0.059375
0 0.228125 0.33671875 0.10625 0.03515625
0 0.490625 0.42890625 0.14921875 0.0625
0 0.41953125 0.49140625 0.08359375 0.03984375
0 0.0734375 0.55859375 0.0984375 0.0921875