0 0.725 0.72890625 0.21484375 0.16875
0 0.48359375 0.7171875 0.134375 0.10390625
0 0.4953125 0.8390625 0.23828125 0.1125
0 0.2578125 0.9078125 0.378125 0.18125
0 0.95546875 0.92734375 0.0890625 0.1453125
0 0.90859375 0.6 0.159375 0.08984375
0 0.734375 0.48125 0.1578125 0.06328125
0 0.86015625 0.47265625 0.096875 0.0578125
0 0.5984375 0.4296875 0.11484375 0.05078125
0 0.52109375 0.575 0.1578125 0.09765625
0 0.33203125 0.48203125 0.14921875 0.08203125
0 0.1765625 0.52109375 0.1921875 0.09765625
0 0.18046875 0.621875 0.13046875 0.090625
0 0.14296875 0.45 0.190625 0.05625
0 0.34296875 0.33984375 0.10859375 0.05
0 0.4703125 0.31796875 0.07734375 0.0203125
0 0.4796875 0.25625 0.096875 0.0375
0 0.5296875 0.2421875 0.0640625 0.02109375
0 0.29296875 0.240625 0.096875 0.02265625
0 0.37265625 0.26875 0.0671875 0.01171875
0 0.37890625 0.28984375 0.09765625 0.025
0 0.4359375 0.19375 0.14140625 0.0453125
0 0.1375 0.3484375 0.275 0.121875
0 0.65546875 0.9671875 0.13046875 0.065625