0 0.734375 0.5640625 0.459375 0.26875
0 0.91015625 0.88203125 0.1796875 0.2359375
0 0.29296875 0.94140625 0.3546875 0.1171875
0 0.26171875 0.7171875 0.06953125 0.06875
0 0.340625 0.7171875 0.08515625 0.05859375
0 0.3859375 0.6515625 0.07109375 0.0484375
0 0.196875 0.56875 0.12890625 0.0328125
0 0.0828125 0.7609375 0.165625 0.1609375
0 0.25078125 0.4734375 0.1265625 0.04609375
0 0.1578125 0.521875 0.053125 0.0328125
0 0.41015625 0.56484375 0.059375 0.0359375
0 0.690625 0.3578125 0.22421875 0.07890625