0 0.7234375 0.72578125 0.20390625 0.1578125
0 0.89765625 0.57890625 0.14140625 0.11953125
0 0.94296875 0.7203125 0.1140625 0.128125
0 0.9625 0.940625 0.075 0.11875
0 0.48984375 0.83203125 0.25390625 0.10859375
0 0.2734375 0.9 0.365625 0.2
0 0.659375 0.96640625 0.11875 0.0671875
0 0.5203125 0.5828125 0.165625 0.0984375
0 0.4734375 0.71796875 0.17734375 0.1203125
0 0.1765625 0.62890625 0.159375 0.11953125
0 0.19296875 0.53046875 0.18359375 0.07734375
0 0.35625 0.48203125 0.1453125 0.090625
0 0.5921875 0.4359375 0.1109375 0.05078125
0 0.7453125 0.4859375 0.14921875 0.0484375
0 0.86875 0.48046875 0.08125 0.04609375
0 0.48359375 0.32890625 0.09453125 0.03828125
0 0.32734375 0.33984375 0.1359375 0.05078125
0 0.12734375 0.35390625 0.2546875 0.0984375
0 0.29296875 0.24296875 0.0671875 0.015625
0 0.378125 0.29140625 0.12578125 0.04375
0 0.50859375 0.25625 0.1921875 0.0671875
0 0.38984375 0.18828125 0.0765625 0.034375
0 0.6765625 0.271875 0.14765625 0.09375