0 0.2921875 0.63125 0.44609375 0.3
0 0.64609375 0.71484375 0.165625 0.175
0 0.68828125 0.871875 0.1125 0.1296875
0 0.82890625 0.83203125 0.146875 0.153125
0 0.82890625 0.65703125 0.1859375 0.13046875
0 0.8828125 0.55625 0.22734375 0.1703125
0 0.9796875 0.71484375 0.040625 0.0578125
0 0.946875 0.796875 0.10625 0.134375
0 0.13671875 0.90078125 0.1515625 0.1984375
0 0.2546875 0.42109375 0.0828125 0.059375
0 0.76171875 0.396875 0.15234375 0.08515625
0 0.71640625 0.46328125 0.10390625 0.084375
0 0.61796875 0.54765625 0.15625 0.128125
0 0.9265625 0.35859375 0.146875 0.0765625
0 0.52890625 0.434375 0.1734375 0.115625