0 0.57265625 0.8296875 0.24296875 0.20390625
0 0.55859375 0.50390625 0.20390625 0.11640625
0 0.6421875 0.4015625 0.1515625 0.05703125
0 0.65703125 0.3328125 0.10859375 0.0375
0 0.5375 0.37578125 0.128125 0.0484375
0 0.3921875 0.42578125 0.115625 0.04765625
0 0.3984375 0.38203125 0.08203125 0.0328125
0 0.35859375 0.346875 0.06953125 0.03828125
0 0.31328125 0.390625 0.0515625 0.02578125
0 0.4703125 0.33671875 0.06171875 0.02421875
0 0.56171875 0.32421875 0.05703125 0.0328125
0 0.5890625 0.3078125 0.09921875 0.0375
0 0.5484375 0.26640625 0.0828125 0.06953125
0 0.63359375 0.2390625 0.125 0.0328125
0 0.615625 0.19765625 0.05859375 0.05703125
0 0.4015625 0.2921875 0.03515625 0.0375
0 0.45 0.25625 0.059375 0.03984375
0 0.5328125 0.1859375 0.0984375 0.0578125
0 0.11796875 0.7625 0.1125 0.1125