0 0.5515625 0.8140625 0.33671875 0.25625
0 0.55234375 0.50703125 0.21640625 0.1109375
0 0.64609375 0.4078125 0.14921875 0.0625
0 0.66015625 0.33359375 0.10859375 0.04921875
0 0.5421875 0.3734375 0.13203125 0.06015625
0 0.39453125 0.43046875 0.11875 0.03984375
0 0.39765625 0.3875 0.09453125 0.046875
0 0.3453125 0.34453125 0.09296875 0.034375
0 0.3078125 0.39296875 0.0796875 0.03984375
0 0.46328125 0.33671875 0.0765625 0.025
0 0.45625 0.2578125 0.06953125 0.0328125
0 0.4015625 0.30078125 0.05234375 0.0421875
0 0.56015625 0.28046875 0.09375 0.03203125
0 0.54921875 0.2484375 0.06484375 0.025
0 0.559375 0.3296875 0.078125 0.034375
0 0.5953125 0.30078125 0.096875 0.0359375
0 0.60546875 0.23828125 0.0703125 0.03203125
0 0.67578125 0.2390625 0.053125 0.025
0 0.56171875 0.1765625 0.1734375 0.06328125
0 0.5203125 0.2234375 0.059375 0.0328125
0 0.24765625 0.51328125 0.0421875 0.040625
0 0.2078125 0.58671875 0.07734375 0.0796875
0 0.1265625 0.728125 0.16171875 0.17109375