0 0.5546875 0.50703125 0.1859375 0.10703125
0 0.5921875 0.671875 0.18046875 0.14609375
0 0.7828125 0.5390625 0.12578125 0.096875
0 0.68125 0.40234375 0.14921875 0.11015625
0 0.53125 0.32421875 0.125 0.09453125
0 0.6109375 0.17890625 0.1359375 0.04921875
0 0.50703125 0.1125 0.09609375 0.0515625
0 0.46953125 0.0828125 0.0953125 0.0625
0 0.3875 0.14296875 0.09140625 0.06484375
0 0.47109375 0.19609375 0.1140625 0.07265625
0 0.375 0.2171875 0.03828125 0.06015625
0 0.42734375 0.3875 0.06015625 0.0640625