0 0.83203125 0.80625 0.21484375 0.25625
0 0.796875 0.59765625 0.2203125 0.1765625
0 0.7421875 0.39140625 0.109375 0.19765625
0 0.65703125 0.26875 0.14765625 0.06875
0 0.609375 0.196875 0.14140625 0.0671875
0 0.4859375 0.1359375 0.1609375 0.090625
0 0.3921875 0.228125 0.09296875 0.0671875
0 0.453125 0.38671875 0.15078125 0.09921875
0 0.571875 0.37421875 0.084375 0.078125
0 0.5734375 0.47578125 0.08984375 0.08828125
0 0.31875 0.4921875 0.14921875 0.09296875
0 0.434375 0.603125 0.15625 0.11640625
0 0.403125 0.79296875 0.190625 0.171875
0 0.215625 0.62890625 0.11328125 0.10546875