0 0.4546875 0.6890625 0.08125 0.065625
0 0.57890625 0.72578125 0.09921875 0.11328125
0 0.65 0.66015625 0.09765625 0.08515625
0 0.73515625 0.715625 0.0609375 0.04765625
0 0.7515625 0.8171875 0.1109375 0.11796875
0 0.63984375 0.83515625 0.09296875 0.103125
0 0.72265625 0.9453125 0.21875 0.109375
0 0.93515625 0.93828125 0.1296875 0.1234375
0 0.43125 0.87265625 0.15625 0.2546875
0 0.225 0.8390625 0.3015625 0.321875
0 0.66796875 0.5453125 0.096875 0.06328125
0 0.63203125 0.47734375 0.11484375 0.059375
0 0.57578125 0.5265625 0.07421875 0.06796875
0 0.42109375 0.61171875 0.0875 0.0578125
0 0.08203125 0.91171875 0.1640625 0.1765625