0 0.6453125 0.44609375 0.1015625 0.05625
0 0.7421875 0.70390625 0.11484375 0.0546875
0 0.59296875 0.803125 0.2609375 0.14765625
0 0.61171875 0.5 0.046875 0.03828125
0 0.578125 0.5421875 0.03984375 0.0265625
0 0.6890625 0.6109375 0.09453125 0.0453125
0 0.35546875 0.703125 0.0875 0.07265625
0 0.32421875 0.59140625 0.06875 0.0359375
0 0.27421875 0.6453125 0.04921875 0.0296875
0 0.14921875 0.68515625 0.08515625 0.0609375
0 0.0453125 0.58984375 0.090625 0.0515625
0 0.05859375 0.55234375 0.1171875 0.01640625
0 0.140625 0.49765625 0.07265625 0.021875
0 0.084375 0.471875 0.053125 0.0140625
0 0.28203125 0.40234375 0.06015625 0.0234375
0 0.21171875 0.4046875 0.0765625 0.034375
0 0.65859375 0.40859375 0.08359375 0.021875
0 0.46796875 0.428125 0.0484375 0.028125
0 0.584375 0.315625 0.21328125 0.0671875
0 0.6390625 0.23984375 0.05 0.0171875
0 0.43984375 0.2609375 0.03671875 0.0296875
0 0.34453125 0.32890625 0.08671875 0.04375
0 0.9265625 0.21796875 0.10859375 0.04765625
0 0.83046875 0.171875 0.11171875 0.0296875
0 0.77421875 0.1546875 0.0265625 0.0078125
0 0.51875 0.2125 0.0484375 0.03203125