0 0.4796875 0.89140625 0.38984375 0.165625
0 0.29453125 0.63359375 0.215625 0.08828125
0 0.621875 0.57109375 0.2015625 0.08125
0 0.46484375 0.4625 0.121875 0.05078125
0 0.58125 0.46015625 0.09453125 0.05
0 0.71484375 0.46484375 0.15 0.05625
0 0.94453125 0.41796875 0.1109375 0.0453125
0 0.71640625 0.38515625 0.15546875 0.0296875
0 0.54375 0.3875 0.14453125 0.05
0 0.51484375 0.3578125 0.09921875 0.03125
0 0.63984375 0.32890625 0.21484375 0.0671875
0 0.25625 0.378125 0.1265625 0.0578125
0 0.07578125 0.52421875 0.13125 0.04765625
0 0.08359375 0.671875 0.12890625 0.06640625