0 0.2671875 0.6390625 0.45625 0.29765625
0 0.13125 0.89921875 0.15546875 0.2015625
0 0.65234375 0.7140625 0.16171875 0.1734375
0 0.684375 0.87421875 0.1125 0.11484375
0 0.82421875 0.83046875 0.14921875 0.1421875
0 0.95 0.81640625 0.1 0.16875
0 0.83515625 0.66796875 0.171875 0.134375
0 0.88828125 0.5609375 0.2234375 0.134375
0 0.9734375 0.47109375 0.053125 0.07109375
0 0.9375 0.35234375 0.125 0.0765625
0 0.775 0.396875 0.15234375 0.08203125
0 0.72890625 0.45859375 0.09375 0.08828125
0 0.725 0.54765625 0.05625 0.0765625
0 0.60234375 0.5453125 0.171875 0.14609375
0 0.4828125 0.428125 0.090625 0.075
0 0.253125 0.4171875 0.0796875 0.0625