0 0.83828125 0.79296875 0.3234375 0.2
0 0.496875 0.46640625 0.578125 0.3265625
0 0.1625 0.51328125 0.29609375 0.13125
0 0.16875 0.7921875 0.25390625 0.415625
0 0.3296875 0.26171875 0.14140625 0.0734375
0 0.42109375 0.19765625 0.1625 0.084375
0 0.615625 0.17734375 0.15 0.10078125
0 0.746875 0.11640625 0.11484375 0.0375
0 0.61640625 0.0421875 0.065625 0.0375
0 0.6859375 0.02421875 0.071875 0.03203125
0 0.69921875 0.06875 0.0796875 0.0359375
0 0.56640625 0.0953125 0.12421875 0.03828125
0 0.43046875 0.12578125 0.13671875 0.05234375
0 0.34296875 0.0984375 0.1046875 0.04609375
0 0.44921875 0.071875 0.1296875 0.04765625
0 0.37265625 0.0078125 0.0703125 0.015625
0 0.34453125 0.0421875 0.0609375 0.0328125
0 0.21328125 0.0765625 0.06953125 0.03203125
0 0.1359375 0.14609375 0.065625 0.0296875
0 0.253125 0.16484375 0.13359375 0.0765625