0 0.61796875 0.8453125 0.5453125 0.309375
0 0.121875 0.63203125 0.24375 0.3015625
0 0.0671875 0.90078125 0.134375 0.1984375
0 0.52578125 0.540625 0.15234375 0.10859375
0 0.39921875 0.63359375 0.1 0.07734375
0 0.7640625 0.6734375 0.1078125 0.07890625
0 0.834375 0.59765625 0.06875 0.06796875
0 0.80390625 0.46484375 0.0953125 0.05234375
0 0.69609375 0.44375 0.13359375 0.08125
0 0.7203125 0.5140625 0.0828125 0.05234375
0 0.6140625 0.35078125 0.296875 0.1125
0 0.346875 0.43046875 0.10625 0.065625
0 0.3796875 0.3328125 0.1734375 0.07265625