0 0.2796875 0.7296875 0.3015625 0.11015625
0 0.4890625 0.725 0.13203125 0.08125
0 0.53828125 0.83203125 0.4546875 0.1890625
0 0.653125 0.68515625 0.1703125 0.08359375
0 0.4171875 0.6546875 0.296875 0.04765625
0 0.47890625 0.6078125 0.28125 0.05546875
0 0.51953125 0.5671875 0.1546875 0.05
0 0.65546875 0.58359375 0.1234375 0.04609375
0 0.65859375 0.55078125 0.0578125 0.040625
0 0.68828125 0.52890625 0.0625 0.034375
0 0.54609375 0.5328125 0.0625 0.0359375
0 0.55859375 0.5109375 0.04296875 0.01875
0 0.6140625 0.51875 0.059375 0.04140625
0 0.68515625 0.5109375 0.046875 0.0171875