0 0.575 0.71953125 0.19453125 0.1140625
0 0.725 0.915625 0.13515625 0.06640625
0 0.7375 0.59453125 0.3171875 0.125
0 0.4703125 0.50859375 0.2453125 0.10859375
0 0.7609375 0.48984375 0.478125 0.1421875
0 0.5484375 0.36875 0.12109375 0.0484375
0 0.2609375 0.42265625 0.1359375 0.05234375
0 0.41640625 0.3953125 0.20625 0.06640625
0 0.68828125 0.3140625 0.21328125 0.10546875
0 0.77109375 0.415625 0.075 0.03515625
0 0.39296875 0.2984375 0.0796875 0.0375
0 0.69921875 0.22578125 0.06875 0.0265625
0 0.50078125 0.2375 0.12890625 0.03203125