0 0.609828125 0.49310937499999996 0.21782812499999998 0.1626875
0 0.341453125 0.59375 0.15532812499999998 0.1470625
0 0.267 0.7251875 0.133265625 0.20587499999999997
0 0.57996875 0.8313437499999999 0.194859375 0.15532812499999998
0 0.78125 0.84375 0.18565625 0.148890625
0 0.72978125 0.656703125 0.1654375 0.164515625
0 0.358 0.40625 0.12592187500000002 0.16728125
0 0.19209375 0.44898437500000005 0.1783125 0.13878125
0 0.61534375 0.305609375 0.234375 0.17003125
0 0.147984375 0.3060625 0.295953125 0.12132812500000001
0 0.0845625 0.6351093750000001 0.169125 0.38603125