0 0.38046875 0.58203125 0.32734375 0.1609375
0 0.190625 0.77421875 0.32421875 0.14765625
0 0.40703125 0.9265625 0.2796875 0.14375
0 0.8171875 0.93125 0.3125 0.1203125
0 0.7203125 0.7875 0.2484375 0.1078125
0 0.8140625 0.51640625 0.11875 0.071875
0 0.628125 0.503125 0.15703125 0.08515625
0 0.64296875 0.4125 0.1109375 0.05078125
0 0.41328125 0.32734375 0.10625 0.06171875
0 0.125 0.46953125 0.178125 0.090625
0 0.15546875 0.24609375 0.1203125 0.1234375
0 0.4125 0.1453125 0.1125 0.0921875
0 0.36171875 0.24296875 0.140625 0.0765625
0 0.01875 0.14375 0.0375 0.05
0 0.95625 0.4125 0.0875 0.046875
0 0.9765625 0.7234375 0.046875 0.09453125