0 0.15859375 0.8171875 0.3171875 0.2625
0 0.41015625 0.52421875 0.4046875 0.2703125
0 0.6296875 0.37578125 0.22265625 0.14921875
0 0.84375 0.51484375 0.21484375 0.1203125
0 0.8390625 0.6421875 0.25859375 0.15234375
0 0.79609375 0.80859375 0.2984375 0.2375
0 0.653125 0.28046875 0.1578125 0.06171875
0 0.58359375 0.19296875 0.16171875 0.08125
0 0.73515625 0.16796875 0.13359375 0.08203125
0 0.859375 0.14609375 0.0828125 0.02734375
0 0.790625 0.078125 0.071875 0.02578125
0 0.65546875 0.09453125 0.09921875 0.046875
0 0.57890625 0.12578125 0.11953125 0.0328125
0 0.38984375 0.16796875 0.16171875 0.06640625
0 0.44453125 0.09921875 0.10078125 0.05
0 0.55546875 0.071875 0.1390625 0.0421875
0 0.25703125 0.1140625 0.1109375 0.03515625
0 0.30859375 0.0671875 0.08515625 0.03046875
0 0.3234375 0.0296875 0.078125 0.0265625
0 0.38203125 0.0421875 0.06796875 0.02421875
0 0.1 0.0421875 0.096875 0.02421875
0 0.653125 0.0375 0.0578125 0.025
0 0.62421875 0.00546875 0.06171875 0.0109375