0 0.73046875 0.8484375 0.5 0.28671875
0 0.23515625 0.95546875 0.29375 0.0890625
0 0.09453125 0.78125 0.1359375 0.11015625
0 0.35 0.6375 0.31328125 0.2125
0 0.665625 0.4046875 0.43359375 0.2140625
0 0.953125 0.39609375 0.09140625 0.05703125
0 0.9703125 0.65703125 0.059375 0.1453125
0 0.1171875 0.4671875 0.15703125 0.11796875
0 0.02578125 0.54921875 0.0515625 0.0875
0 0.3015625 0.40546875 0.18359375 0.0640625
0 0.4171875 0.3546875 0.1375 0.065625
0 0.29375 0.29609375 0.09453125 0.04609375
0 0.490625 0.2859375 0.20625 0.08125
0 0.57890625 0.2140625 0.103125 0.040625
0 0.7765625 0.2140625 0.21171875 0.1
0 0.625 0.1515625 0.23515625 0.0609375
0 0.35234375 0.19609375 0.17734375 0.07109375
0 0.28046875 0.14375 0.115625 0.04765625
0 0.39375 0.1125 0.134375 0.04140625
0 0.225 0.0953125 0.171875 0.08203125
0 0.41171875 0.0359375 0.3453125 0.071875
0 0.565625 0.0921875 0.11484375 0.0359375
0 0.64609375 0.03515625 0.16015625 0.06796875
0 0.8234375 0.0625 0.11796875 0.05
0 0.946875 0.125 0.06796875 0.0625
0 0.10546875 0.27734375 0.15703125 0.1359375