0 0.51484375 0.775 0.36953125 0.12421875
0 0.28828125 0.646875 0.10234375 0.0625
0 0.1828125 0.57109375 0.1140625 0.0578125
0 0.403125 0.5328125 0.1515625 0.0546875
0 0.60546875 0.584375 0.1921875 0.07578125
0 0.3078125 0.43671875 0.07578125 0.0296875
0 0.34609375 0.39453125 0.06015625 0.02890625
0 0.26953125 0.403125 0.0734375 0.03203125
0 0.10625 0.42265625 0.2125 0.04765625
0 0.0734375 0.46875 0.146875 0.04375
0 0.16484375 0.49921875 0.05703125 0.03984375
0 0.06875 0.53203125 0.115625 0.03046875
0 0.096875 0.34140625 0.11953125 0.02578125
0 0.225 0.325 0.090625 0.065625