0 0.3359375 0.41451562500000005 0.605703125 0.273890625
0 0.3465 0.6930156249999999 0.23712499999999997 0.108453125
0 0.54503125 0.745859375 0.1470625 0.0689375
0 0.5418125 0.8694843750000001 0.177390625 0.090078125
0 0.6819843750000001 0.8956875 0.10478125 0.06709375
0 0.8175625 0.640625 0.171875 0.07353125
0 0.8391562499999999 0.72334375 0.181984375 0.068015625
0 0.600640625 0.654875 0.08915625 0.04503125
0 0.169125 0.6461406249999999 0.257359375 0.09190625
0 0.7835468750000001 0.5560625 0.136953125 0.069859375
0 0.48989062499999997 0.600640625 0.181984375 0.04503125
0 0.631890625 0.51884375 0.1810625 0.072609375
0 0.95175 0.592375 0.0965 0.11121875