0 0.45234375 0.834375 0.34921875 0.26171875
0 0.89453125 0.76640625 0.1421875 0.1109375
0 0.440625 0.50390625 0.22578125 0.1125
0 0.3578125 0.409375 0.165625 0.0640625
0 0.33515625 0.33515625 0.13046875 0.0578125
0 0.4609375 0.3796875 0.121875 0.0640625
0 0.6 0.43125 0.11015625 0.05546875
0 0.596875 0.38984375 0.103125 0.0578125
0 0.64921875 0.34921875 0.09453125 0.03125
0 0.6921875 0.3953125 0.05390625 0.0375
0 0.71953125 0.5984375 0.05 0.0484375
0 0.80078125 0.58828125 0.12109375 0.1875
0 0.5328125 0.33359375 0.090625 0.04609375
0 0.44765625 0.32734375 0.07734375 0.03125
0 0.41484375 0.30078125 0.08671875 0.03203125
0 0.4421875 0.278125 0.07421875 0.03828125
0 0.440625 0.25859375 0.04375 0.01953125
0 0.46484375 0.24609375 0.05703125 0.01953125
0 0.37578125 0.23828125 0.12578125 0.03203125
0 0.3828125 0.17890625 0.05390625 0.040625
0 0.4578125 0.1703125 0.10078125 0.05625
0 0.50390625 0.22265625 0.10078125 0.03203125
0 0.540625 0.25703125 0.06875 0.02109375
0 0.59296875 0.2859375 0.06328125 0.0453125
0 0.12578125 0.86171875 0.2515625 0.2765625