0 0.454109375 0.750140625 0.166015625 0.10107812499999999
0 0.626953125 0.690171875 0.2109375 0.10221875
0 0.41465625 0.6515 0.110546875 0.07954687499999999
0 0.292390625 0.68821875 0.123828125 0.059250000000000004
0 0.1529375 0.732375 0.165234375 0.092859375
0 0.17421875 0.64603125 0.14140625 0.068609375
0 0.225203125 0.569453125 0.098828125 0.056078125
0 0.360546875 0.509484375 0.19375 0.072859375
0 0.526765625 0.5801875 0.170703125 0.065859375
0 0.734375 0.80953125 0.16796875 0.079203125
0 0.6625 0.958203125 0.19609375 0.08359375
0 0.31015625 0.875359375 0.13203125 0.08196875
0 0.431640625 0.8814062500000001 0.1015625 0.066734375
0 0.848828125 0.640171875 0.2953125 0.12721875
0 0.88340625 0.863484375 0.230078125 0.273046875
0 0.725390625 0.511046875 0.2203125 0.091625
0 0.726953125 0.37506249999999997 0.4640625 0.22721874999999997