0 0.284375 0.7234375 0.29140625 0.0921875
0 0.53515625 0.81875 0.4984375 0.21875
0 0.65546875 0.68359375 0.15625 0.071875
0 0.40234375 0.653125 0.2875 0.0484375
0 0.478125 0.61015625 0.28125 0.0578125
0 0.6546875 0.58515625 0.1125 0.040625
0 0.52109375 0.56953125 0.134375 0.03671875
0 0.67734375 0.540625 0.0921875 0.05078125
0 0.54375 0.53515625 0.05234375 0.0296875
0 0.60078125 0.51953125 0.07890625 0.0421875
0 0.01484375 0.7140625 0.0296875 0.046875
0 0.03203125 0.67265625 0.0640625 0.025
0 0.10703125 0.65703125 0.05234375 0.03671875