0 0.54375 0.49375 0.24375 0.09375
0 0.584375 0.790625 0.290625 0.23515625
0 0.11484375 0.78046875 0.134375 0.10859375
0 0.39140625 0.4328125 0.09375 0.05703125
0 0.3859375 0.39140625 0.08984375 0.04140625
0 0.3390625 0.35625 0.0796875 0.040625
0 0.29921875 0.40234375 0.03984375 0.03125
0 0.45390625 0.3390625 0.05859375 0.05
0 0.53046875 0.37578125 0.13984375 0.07109375
0 0.63203125 0.39765625 0.1421875 0.04296875
0 0.64375 0.32109375 0.10078125 0.0375
0 0.54140625 0.3265625 0.0609375 0.03203125
0 0.58125 0.2953125 0.08203125 0.03671875
0 0.54140625 0.271875 0.08125 0.0375
0 0.59375 0.23203125 0.0640625 0.025
0 0.43359375 0.25703125 0.0625 0.03125
0 0.39921875 0.2984375 0.07890625 0.0375