0 0.46328125 0.38359375 0.2484375 0.1125
0 0.59296875 0.51875 0.16171875 0.10078125
0 0.42890625 0.51953125 0.11875 0.0921875
0 0.325 0.58984375 0.06953125 0.0296875
0 0.390625 0.6375 0.0953125 0.03046875
0 0.34765625 0.71953125 0.15078125 0.07421875
0 0.12890625 0.8484375 0.1375 0.15625
0 0.78515625 0.84765625 0.15 0.14453125
0 0.434375 0.29765625 0.10078125 0.07109375
0 0.3171875 0.27265625 0.10234375 0.090625
0 0.3546875 0.17890625 0.1875 0.05703125
0 0.2703125 0.1265625 0.065625 0.01953125
0 0.23828125 0.0796875 0.1234375 0.06328125
0 0.2796875 0.015625 0.04296875 0.021875
0 0.178125 0.19453125 0.08359375 0.06328125
0 0.16875 0.31640625 0.06953125 0.065625