0 0.41875 0.80546875 0.290625 0.22421875
0 0.42890625 0.503125 0.2 0.1109375
0 0.35234375 0.4046875 0.159375 0.08828125
0 0.4609375 0.36796875 0.128125 0.07109375
0 0.60546875 0.42734375 0.09921875 0.0421875
0 0.5984375 0.38125 0.07734375 0.0484375
0 0.66484375 0.35234375 0.10625 0.040625
0 0.690625 0.390625 0.04609375 0.03515625
0 0.88203125 0.75625 0.1234375 0.10390625
0 0.340625 0.3328125 0.1109375 0.05078125
0 0.40546875 0.3 0.0890625 0.03046875
0 0.44140625 0.32890625 0.0484375 0.01875
0 0.4453125 0.28125 0.06875 0.0328125
0 0.45 0.253125 0.0640625 0.02109375
0 0.54921875 0.25390625 0.05234375 0.00859375
0 0.5359375 0.3390625 0.0515625 0.02109375
0 0.590625 0.2890625 0.0609375 0.034375
0 0.32890625 0.2328125 0.0375 0.02109375
0 0.38984375 0.24296875 0.065625 0.021875
0 0.38515625 0.1953125 0.06640625 0.05390625
0 0.4734375 0.19375 0.1296875 0.11015625