0 0.84296875 0.79921875 0.31328125 0.21640625
0 0.584375 0.484375 0.42421875 0.3765625
0 0.325 0.3828125 0.2875 0.1390625
0 0.1546875 0.5140625 0.21015625 0.1140625
0 0.18359375 0.75625 0.259375 0.3546875
0 0.3265625 0.27578125 0.15078125 0.084375
0 0.6140625 0.17890625 0.16328125 0.08359375
0 0.42109375 0.196875 0.18828125 0.0796875
0 0.24375 0.14921875 0.09921875 0.03828125
0 0.12890625 0.15078125 0.07578125 0.0421875
0 0.27109375 0.1859375 0.10078125 0.04140625
0 0.41953125 0.13203125 0.18125 0.04765625
0 0.33828125 0.09609375 0.09921875 0.04453125
0 0.44375 0.075 0.13125 0.05625
0 0.56796875 0.096875 0.11484375 0.04375
0 0.74765625 0.121875 0.0796875 0.03671875
0 0.89296875 0.04140625 0.0875 0.0359375
0 0.6953125 0.07109375 0.1078125 0.0328125
0 0.675 0.028125 0.075 0.040625
0 0.62265625 0.046875 0.0828125 0.02421875
0 0.38125 0.00859375 0.08828125 0.01640625
0 0.34609375 0.040625 0.05546875 0.0328125
0 0.221875 0.0765625 0.08125 0.03671875