0 0.394921875 0.492484375 0.215625 0.128734375
0 0.395703125 0.31140625 0.2015625 0.13765624999999998
0 0.5953125 0.468265625 0.09296875 0.11153125
0 0.642578125 0.3913125 0.1328125 0.184171875
0 0.792 0.448546875 0.130859375 0.169734375
0 0.92090625 0.6044375 0.158203125 0.30184375
0 0.874609375 0.776328125 0.128125 0.12998437499999999
0 0.71621875 0.7434999999999999 0.151171875 0.142484375
0 0.750390625 0.6595 0.1296875 0.122921875
0 0.665234375 0.586640625 0.1625 0.137359375
0 0.545703125 0.579609375 0.1578125 0.13890625
0 0.55234375 0.7009218749999999 0.10078125 0.080734375
0 0.424609375 0.8341406250000001 0.2125 0.151890625
0 0.506640625 0.9312343750000001 0.1109375 0.107765625
0 0.22440625 0.848015625 0.183984375 0.15228124999999998
0 0.287890625 0.95528125 0.1578125 0.089453125
0 0.25606249999999997 0.6657656249999999 0.105859375 0.119796875
0 0.34453125 0.729046875 0.04453125 0.0745
0 0.844734375 0.278609375 0.310546875 0.38456250000000003
0 0.616015625 0.19498437500000002 0.1265625 0.12356249999999999
0 0.326953125 0.18560937500000002 0.0765625 0.12042187499999998