0 0.3796875 0.5640625 0.36484375 0.17265625
0 0.52421875 0.66875 0.25078125 0.06875
0 0.2203125 0.7796875 0.3796875 0.14140625
0 0.3953125 0.91875 0.23046875 0.1296875
0 0.76171875 0.7890625 0.278125 0.1203125
0 0.83359375 0.94765625 0.15078125 0.1046875
0 0.34140625 0.4625 0.534375 0.0875
0 0.80625 0.521875 0.11875 0.04765625
0 0.6703125 0.48515625 0.2125 0.065625
0 0.4046875 0.32109375 0.1625 0.06328125
0 0.15390625 0.2703125 0.13125 0.06875
0 0.12890625 0.2078125 0.0765625 0.040625
0 0.41640625 0.159375 0.11015625 0.09453125
0 0.30859375 0.234375 0.06875 0.0515625
0 0.38203125 0.25546875 0.07265625 0.040625
0 0.70390625 0.18515625 0.1359375 0.07265625
0 0.4890625 0.23515625 0.08359375 0.03671875
0 0.9609375 0.396875 0.078125 0.03671875
0 0.6421875 0.4125 0.053125 0.04609375