0 0.73125 0.628125 0.53671875 0.3234375
0 0.91171875 0.8796875 0.1765625 0.240625
0 0.58203125 0.76875 0.10078125 0.08515625
0 0.690625 0.9484375 0.2296875 0.103125
0 0.51953125 0.8765625 0.10859375 0.103125
0 0.4078125 0.92109375 0.20625 0.1578125
0 0.23359375 0.92265625 0.10546875 0.11953125
0 0.15 0.83828125 0.171875 0.2078125
0 0.234375 0.6921875 0.103125 0.10234375
0 0.34453125 0.7359375 0.06875 0.06171875
0 0.4421875 0.7609375 0.10234375 0.07890625
0 0.3546875 0.546875 0.078125 0.040625
0 0.42109375 0.55546875 0.0453125 0.03046875
0 0.46953125 0.5765625 0.05 0.034375
0 0.49765625 0.3640625 0.28984375 0.16171875