0 0.4125 0.8046875 0.2640625 0.140625
0 0.26953125 0.69375 0.11796875 0.053125
0 0.3109375 0.60234375 0.06328125 0.0484375
0 0.34296875 0.440625 0.10078125 0.04375
0 0.3375 0.4046875 0.059375 0.0296875
0 0.67890625 0.6140625 0.153125 0.103125
0 0.621875 0.709375 0.0828125 0.08125
0 0.83359375 0.68046875 0.0640625 0.0640625
0 0.95 0.58125 0.1 0.04375
0 0.85703125 0.49453125 0.07265625 0.03671875
0 0.91953125 0.46796875 0.05078125 0.0375
0 0.7859375 0.39765625 0.0625 0.03046875
0 0.715625 0.3984375 0.0609375 0.04140625
0 0.540625 0.42578125 0.05390625 0.025
0 0.57265625 0.26328125 0.03125 0.02265625
0 0.4828125 0.21015625 0.0640625 0.04140625
0 0.35859375 0.2546875 0.05078125 0.0421875
0 0.5 0.33515625 0.12890625 0.0796875