0 0.39609375 0.81484375 0.1421875 0.0953125
0 0.41776562500000003 0.6348906249999999 0.226171875 0.11274999999999999
0 0.37403125 0.50909375 0.169921875 0.079890625
0 0.337890625 0.413375 0.1171875 0.08378125
0 0.11387499999999999 0.7089375 0.227734375 0.24912499999999999
0 0.67403125 0.911328125 0.207421875 0.17734375
0 0.856046875 0.7434999999999999 0.102734375 0.11121875
0 0.78653125 0.60246875 0.104296875 0.08695312499999999
0 0.672453125 0.5647656249999999 0.157421875 0.09359375
0 0.648046875 0.463765625 0.159375 0.06737499999999999
0 0.767 0.47665625 0.075390625 0.054109375
0 0.5828125 0.418640625 0.09921875 0.05134375
0 0.639453125 0.350078125 0.0796875 0.0665625
0 0.59159375 0.316875 0.081640625 0.054828125000000005
0 0.708203125 0.33210937500000004 0.0453125 0.04625
0 0.6935625 0.242640625 0.152734375 0.047
0 0.541015625 0.273890625 0.1171875 0.031375
0 0.162109375 0.4336875 0.09375 0.04628125
0 0.22754687499999998 0.585859375 0.119140625 0.07328124999999999