0 0.715625 0.94765625 0.175 0.1046875
0 0.75390625 0.825 0.11015625 0.12109375
0 0.63984375 0.828125 0.10078125 0.14140625
0 0.6609375 0.65625 0.07734375 0.07734375
0 0.5765625 0.73125 0.11953125 0.11875
0 0.73046875 0.7203125 0.0796875 0.04609375
0 0.67578125 0.54921875 0.08515625 0.059375
0 0.615625 0.5046875 0.14609375 0.1078125
0 0.3953125 0.6234375 0.096875 0.0734375
0 0.4578125 0.68046875 0.07265625 0.04609375
0 0.4640625 0.81796875 0.1078125 0.15078125
0 0.4359375 0.93515625 0.11875 0.1296875
0 0.29921875 0.73125 0.18671875 0.121875
0 0.15859375 0.903125 0.29296875 0.19375