0 0.5765625 0.7171875 0.1625 0.0875
0 0.6470625 0.56065625 0.110296875 0.055140625
0 0.733453125 0.632359375 0.3125 0.09375
0 0.816171875 0.5647968750000001 0.213234375 0.070765625
0 0.49173437499999995 0.487125 0.253671875 0.080875
0 0.66865625 0.46323437500000003 0.31709375 0.10478125
0 0.551015625 0.364890625 0.124078125 0.06065625
0 0.43014062500000005 0.40532812500000004 0.222421875 0.06434375
0 0.261484375 0.42417187500000003 0.140625 0.06525
0 0.774359375 0.407625 0.06525 0.03584375
0 0.762875 0.361671875 0.075375 0.02665625
0 0.71278125 0.332265625 0.103859375 0.041359375
0 0.397984375 0.31065624999999997 0.099265625 0.06065625
0 0.5091875 0.236671875 0.10110937499999999 0.046875
0 0.687046875 0.2265625 0.074453125 0.034
0 0.6148906249999999 0.279875 0.09375 0.032171875
0 0.281703125 0.246328125 0.10201562500000001 0.051468749999999994
0 0.7109375 0.909 0.147984375 0.086390625