0 0.15703125 0.7921875 0.3140625 0.2484375
0 0.7953125 0.79453125 0.221875 0.278125
0 0.81796875 0.6234375 0.22421875 0.1296875
0 0.83671875 0.51484375 0.221875 0.13984375
0 0.665625 0.3703125 0.32890625 0.109375
0 0.41328125 0.5109375 0.40703125 0.28046875
0 0.65 0.271875 0.17734375 0.08515625
0 0.8 0.16484375 0.27421875 0.0953125
0 0.59140625 0.19609375 0.19375 0.06328125
0 0.3859375 0.16796875 0.17890625 0.1
0 0.2578125 0.11796875 0.11484375 0.053125
0 0.43984375 0.096875 0.14765625 0.05703125
0 0.55546875 0.065625 0.11875 0.05625
0 0.65390625 0.09765625 0.109375 0.0421875
0 0.78671875 0.07421875 0.0828125 0.04296875
0 0.65078125 0.04140625 0.0609375 0.0328125
0 0.61875 0.009375 0.07265625 0.01875
0 0.39921875 0.04140625 0.11328125 0.05859375
0 0.30703125 0.01953125 0.0921875 0.0359375
0 0.3 0.07265625 0.08359375 0.04375
0 0.1 0.04375 0.09296875 0.0265625