0 0.268375 0.6796875 0.224265625 0.1314375
0 0.23115625 0.327671875 0.14246875 0.085484375
0 0.41820312499999995 0.239890625 0.112125 0.0625
0 0.23759375 0.213234375 0.10570312500000001 0.047796875
0 0.1925625 0.152109375 0.085484375 0.046875
0 0.65028125 0.19346875 0.092828125 0.052390625
0 0.687046875 0.24907812499999998 0.07628125 0.029406250000000002
0 0.762875 0.335484375 0.174625 0.108453125
0 0.8782187499999999 0.8910781249999999 0.22149999999999997 0.10018750000000001
0 0.8102031249999999 0.7720625 0.10201562500000001 0.066171875
0 0.67646875 0.6824375 0.09190625 0.046875