0 0.65546875 0.628125 0.2796875 0.22734375
0 0.2546875 0.85 0.509375 0.3
0 0.78125 0.9453125 0.259375 0.109375
0 0.9171875 0.78046875 0.140625 0.121875
0 0.96875 0.54609375 0.0625 0.06875
0 0.88046875 0.46484375 0.14140625 0.0921875
0 0.71171875 0.38671875 0.1703125 0.078125
0 0.346875 0.41875 0.44609375 0.2515625
0 0.165625 0.55703125 0.19296875 0.13046875
0 0.49609375 0.2796875 0.20625 0.078125
0 0.696875 0.30390625 0.07890625 0.04296875
0 0.64921875 0.19921875 0.1578125 0.05703125
0 0.72421875 0.1453125 0.13046875 0.0453125
0 0.7921875 0.08359375 0.15703125 0.06640625
0 0.60859375 0.115625 0.1421875 0.06171875
0 0.378125 0.14453125 0.2328125 0.0671875
0 0.23125 0.2171875 0.20859375 0.07890625
0 0.040625 0.4 0.08125 0.0625
0 0.02734375 0.6640625 0.0546875 0.121875
0 0.4203125 0.21171875 0.11015625 0.0578125
0 0.49765625 0.1859375 0.078125 0.0359375
0 0.55234375 0.059375 0.12890625 0.03671875
0 0.421875 0.0984375 0.0921875 0.0484375
0 0.35625 0.0328125 0.11875 0.0421875
0 0.65546875 0.02734375 0.2328125 0.04296875
0 0.8828125 0.275 0.13125 0.14453125