0 0.72109375 0.7078125 0.48828125 0.14921875
0 0.31484375 0.56953125 0.28984375 0.07890625
0 0.190625 0.4859375 0.2359375 0.05625
0 0.4375 0.42890625 0.23359375 0.0640625
0 0.1375 0.38359375 0.11640625 0.04609375
0 0.0234375 0.3375 0.046875 0.05625
0 0.5328125 0.24296875 0.10390625 0.0359375
0 0.38984375 0.30078125 0.38359375 0.059375
0 0.6125 0.1859375 0.16796875 0.02578125
0 0.57265625 0.153125 0.0609375 0.0140625
0 0.49921875 0.16875 0.09765625 0.02265625
0 0.775 0.33125 0.21015625 0.06171875
0 0.7984375 0.446875 0.403125 0.140625