0 0.5203125 0.79921875 0.203125 0.4015625
0 0.74765625 0.65546875 0.25625 0.26015625
0 0.9328125 0.7921875 0.0671875 0.09296875
0 0.634375 0.46875 0.0734375 0.0625
0 0.57265625 0.50078125 0.05859375 0.0484375
0 0.48046875 0.44765625 0.27734375 0.20234375
0 0.22578125 0.6296875 0.34921875 0.45859375
0 0.01328125 0.89140625 0.0265625 0.125
0 0.64921875 0.3515625 0.1546875 0.11875
0 0.4875 0.30859375 0.13046875 0.084375
0 0.7984375 0.40546875 0.09453125 0.1046875
0 0.96953125 0.4828125 0.0609375 0.196875
0 0.79765625 0.97578125 0.1859375 0.0484375