0 0.4109375 0.7984375 0.259375 0.134375
0 0.2625 0.7046875 0.1265625 0.06328125
0 0.325 0.61171875 0.10078125 0.06171875
0 0.3546875 0.4515625 0.0890625 0.04375
0 0.3421875 0.41015625 0.06328125 0.0296875
0 0.5390625 0.4265625 0.05234375 0.0453125
0 0.63125 0.68984375 0.0640625 0.08515625
0 0.675 0.584375 0.053125 0.05625
0 0.725 0.6421875 0.05234375 0.0421875
0 0.85234375 0.69609375 0.08671875 0.07265625
0 0.953125 0.571875 0.09375 0.06796875
0 0.87109375 0.49609375 0.046875 0.034375
0 0.9265625 0.4734375 0.0453125 0.0203125
0 0.79609375 0.40234375 0.04375 0.0328125
0 0.725 0.39921875 0.03203125 0.0265625
0 0.59296875 0.94609375 0.15078125 0.1078125