0 0.79375 0.79765625 0.371875 0.1234375
0 0.57421875 0.92265625 0.3265625 0.1546875
0 0.27734375 0.81171875 0.20078125 0.08515625
0 0.18671875 0.9328125 0.234375 0.134375
0 0.671875 0.46015625 0.5140625 0.09375
0 0.63203125 0.57890625 0.38359375 0.16171875
0 0.86875 0.64296875 0.1546875 0.1109375
0 0.96015625 0.5921875 0.07890625 0.0625
0 0.86796875 0.21171875 0.0828125 0.0671875
0 0.8484375 0.2671875 0.10625 0.04765625
0 0.5859375 0.32578125 0.15078125 0.0453125
0 0.3625 0.40859375 0.0484375 0.0671875
0 0.18046875 0.52109375 0.09296875 0.05234375
0 0.0359375 0.4 0.071875 0.034375
0 0.01484375 0.72734375 0.0296875 0.0671875
0 0.5921875 0.1625 0.09296875 0.08671875
0 0.6828125 0.2328125 0.0421875 0.03359375
0 0.61484375 0.26015625 0.07109375 0.028125
0 0.503125 0.23671875 0.06015625 0.01796875
0 0.98046875 0.1515625 0.03671875 0.0390625
0 0.30546875 0.18828125 0.13046875 0.0609375
0 0.16171875 0.24296875 0.0546875 0.0484375
0 0.13515625 0.165625 0.053125 0.03984375
0 0.25234375 0.08046875 0.04765625 0.0421875
0 0.0875 0.00703125 0.128125 0.0140625
0 0.3390625 0.72734375 0.159375 0.0890625