0 0.3390625 0.62890625 0.2625 0.1984375
0 0.665234375 0.409671875 0.415625 0.24434375
0 0.3453125 0.364546875 0.28046875 0.118921875
0 0.109171875 0.46104687499999997 0.140234375 0.132234375
0 0.08692187500000001 0.770859375 0.150390625 0.150296875
0 0.2439375 0.942578125 0.355078125 0.11484375
0 0.71778125 0.833203125 0.564453125 0.33359375
0 0.763484375 0.22332812500000002 0.206640625 0.12164062499999999
0 0.644140625 0.153390625 0.2296875 0.083328125
0 0.346484375 0.20203125000000002 0.165625 0.067328125
0 0.49979687500000003 0.289546875 0.187109375 0.086109375
0 0.275 0.143421875 0.12421875 0.0595
0 0.1970625 0.08325 0.151953125 0.064171875
0 0.39140625 0.10943750000000001 0.10703125 0.077453125
0 0.95703125 0.39815625 0.0859375 0.11584375
0 0.963875 0.6696875 0.072265625 0.135453125