0 0.58984375 0.65703125 0.178125 0.16171875
0 0.54453125 0.49375 0.1734375 0.13125
0 0.67265625 0.4046875 0.14765625 0.10390625
0 0.78203125 0.52421875 0.08984375 0.103125
0 0.5375 0.32890625 0.13046875 0.1
0 0.4234375 0.39609375 0.0796875 0.0515625
0 0.61328125 0.18125 0.10546875 0.07109375
0 0.4703125 0.2015625 0.08359375 0.06171875
0 0.38359375 0.21875 0.034375 0.05546875
0 0.3890625 0.14453125 0.03984375 0.04609375
0 0.47421875 0.08359375 0.0921875 0.053125
0 0.50859375 0.11875 0.08671875 0.03984375