0 0.8890625 0.6828125 0.221875 0.1296875
0 0.528125 0.7484375 0.25625 0.15234375
0 0.1421875 0.6328125 0.2671875 0.11875
0 0.63125 0.5671875 0.2953125 0.071875
0 0.89921875 0.45 0.1078125 0.05859375
0 0.72109375 0.34375 0.07421875 0.040625
0 0.61875 0.3734375 0.06171875 0.028125
0 0.54921875 0.38671875 0.0671875 0.01875
0 0.49375 0.3734375 0.06796875 0.02265625
0 0.39921875 0.43359375 0.1578125 0.08359375
0 0.428125 0.34921875 0.0578125 0.0203125
0 0.3703125 0.37109375 0.1 0.01953125
0 0.1734375 0.33203125 0.08984375 0.01640625
0 0.06171875 0.4234375 0.1234375 0.115625
0 0.0484375 0.3 0.096875 0.053125