0 0.6199375 0.70175 0.210484375 0.09834375
0 0.179234375 0.639703125 0.137875 0.068015625
0 0.2279375 0.561125 0.11581250000000001 0.054234375
0 0.374078125 0.51103125 0.19853125 0.077203125
0 0.7054218750000001 0.48070312499999995 0.24725000000000003 0.137875
0 0.44623437499999996 0.438875 0.199453125 0.0689375
0 0.761484375 0.8143437499999999 0.159 0.125
0 0.466 0.758265625 0.13970312499999998 0.051468749999999994
0 0.40992187500000005 0.647515625 0.099265625 0.06525
0 0.296421875 0.686125 0.10018750000000001 0.046875
0 0.1705 0.738515625 0.18842187500000002 0.091
0 0.390625 0.8901718750000001 0.226109375 0.078125
0 0.8483437500000001 0.643375 0.244484375 0.11396875