0 0.28125 0.64453125 0.46484375 0.30078125
0 0.1265625 0.9109375 0.1546875 0.178125
0 0.64140625 0.7125 0.16328125 0.15234375
0 0.68046875 0.871875 0.11640625 0.1671875
0 0.815625 0.8234375 0.12421875 0.134375
0 0.8265625 0.65859375 0.184375 0.1421875
0 0.88203125 0.54296875 0.2359375 0.15234375
0 0.946875 0.79765625 0.10625 0.16171875
0 0.70078125 0.45234375 0.078125 0.07734375
0 0.77109375 0.3953125 0.125 0.07109375
0 0.9296875 0.353125 0.140625 0.06953125
0 0.60078125 0.54453125 0.16484375 0.14765625
0 0.2546875 0.41953125 0.07734375 0.059375
0 0.4921875 0.4359375 0.05625 0.06171875