0 0.45625 0.51484375 0.1234375 0.1140625
0 0.5171875 0.6109375 0.0875 0.0640625
0 0.68515625 0.8234375 0.2390625 0.353125
0 0.40546875 0.74921875 0.17734375 0.1984375
0 0.1234375 0.8859375 0.246875 0.228125
0 0.19140625 0.69921875 0.15703125 0.0890625
0 0.2765625 0.56015625 0.1125 0.09296875
0 0.034375 0.6625 0.06875 0.040625
0 0.62578125 0.56328125 0.14921875 0.1125
0 0.909375 0.690625 0.18125 0.146875
0 0.93515625 0.5578125 0.1296875 0.08125
0 0.859375 0.40703125 0.27890625 0.20625
0 0.6359375 0.40859375 0.153125 0.1078125
0 0.5015625 0.4078125 0.10546875 0.06328125
0 0.39375 0.440625 0.06796875 0.06875
0 0.378125 0.38671875 0.09921875 0.03828125
0 0.49296875 0.30546875 0.090625 0.028125
0 0.48046875 0.33671875 0.06796875 0.0203125
0 0.465625 0.3625 0.06640625 0.0328125
0 0.51171875 0.23515625 0.053125 0.06875
0 0.60859375 0.315625 0.13046875 0.071875