0 0.50546875 0.6359375 0.215625 0.15390625
0 0.70625 0.4359375 0.09453125 0.0796875
0 0.84140625 0.25859375 0.20859375 0.1125
0 0.775 0.17109375 0.165625 0.0984375
0 0.57734375 0.17421875 0.07734375 0.128125
0 0.55234375 0.28046875 0.13203125 0.07265625
0 0.37265625 0.284375 0.14609375 0.0625
0 0.3703125 0.20625 0.115625 0.06015625
0 0.23828125 0.4578125 0.365625 0.19453125
0 0.2859375 0.5890625 0.20859375 0.09609375
0 0.35078125 0.85703125 0.3578125 0.20234375
0 0.678125 0.065625 0.071875 0.04140625