0 0.7171875 0.83203125 0.5125 0.28203125
0 0.33203125 0.62421875 0.296875 0.209375
0 0.10703125 0.7765625 0.19375 0.15234375
0 0.19921875 0.94296875 0.28984375 0.1140625
0 0.6921875 0.43046875 0.4171875 0.20859375
0 0.41484375 0.35546875 0.140625 0.05859375
0 0.29921875 0.39921875 0.17734375 0.05546875
0 0.11875 0.4640625 0.11953125 0.10234375
0 0.02578125 0.55546875 0.0515625 0.090625
0 0.340625 0.19921875 0.19140625 0.04765625
0 0.49765625 0.2796875 0.18671875 0.0734375
0 0.296875 0.2984375 0.1125 0.05078125
0 0.76953125 0.215625 0.21484375 0.08203125
0 0.57109375 0.21015625 0.1 0.04765625
0 0.4953125 0.1828125 0.10390625 0.028125
0 0.64609375 0.1453125 0.2625 0.05390625
0 0.27890625 0.14765625 0.10234375 0.05625
0 0.3953125 0.11640625 0.13125 0.0453125
0 0.22109375 0.07578125 0.2046875 0.046875
0 0.2125 0.115625 0.0984375 0.03203125
0 0.5125 0.0609375 0.17890625 0.02734375
0 0.58515625 0.10234375 0.11875 0.04375
0 0.9453125 0.0671875 0.109375 0.040625
0 0.9625 0.13125 0.075 0.05
0 0.83515625 0.07421875 0.10546875 0.059375
0 0.97421875 0.65390625 0.0515625 0.0921875
0 0.9625 0.40546875 0.075 0.05390625