0 0.409 0.5206875 0.148890625 0.135109375
0 0.8685625 0.8092812500000001 0.143375 0.146140625
0 0.6498125 0.73575 0.161765625 0.09834375
0 0.64659375 0.6029375 0.11304687499999999 0.09559375
0 0.52940625 0.375921875 0.222421875 0.119484375
0 0.5491718750000001 0.288609375 0.063421875 0.047796875
0 0.67371875 0.2706875 0.128671875 0.0873125
0 0.8488125 0.338234375 0.103859375 0.080875
0 0.8350156249999999 0.19715625 0.074453125 0.052390625
0 0.671421875 0.1769375 0.135109375 0.057906250000000006
0 0.722421875 0.122703125 0.0625 0.034
0 0.749078125 0.0716875 0.056984375 0.0404375
0 0.7293125 0.015625 0.043203124999999995 0.0220625
0 0.566640625 0.0988125 0.063421875 0.04503125
0 0.1980625 0.845125 0.20128125 0.166359375