0 0.55390625 0.4984375 0.2328125 0.115625
0 0.55078125 0.81640625 0.3140625 0.2390625
0 0.0953125 0.7484375 0.13203125 0.11953125
0 0.4 0.428125 0.12109375 0.05078125
0 0.4015625 0.38046875 0.096875 0.0421875
0 0.31015625 0.3875 0.05390625 0.0359375
0 0.35625 0.34609375 0.08359375 0.04296875
0 0.47265625 0.334375 0.06796875 0.0265625
0 0.54296875 0.371875 0.146875 0.0484375
0 0.6515625 0.39921875 0.16171875 0.0578125
0 0.65625 0.33125 0.10859375 0.04765625
0 0.5921875 0.30234375 0.08984375 0.0296875
0 0.55859375 0.32890625 0.0515625 0.02265625
0 0.5453125 0.2796875 0.08515625 0.0296875
0 0.45625 0.25703125 0.0734375 0.0171875
0 0.4078125 0.2984375 0.0625 0.03125
0 0.60625 0.23984375 0.053125 0.0203125
0 0.54296875 0.24609375 0.05390625 0.02109375
0 0.66953125 0.2375 0.078125 0.03203125
0 0.5578125 0.26015625 0.0421875 0.01875
0 0.52421875 0.21953125 0.0515625 0.01953125
0 0.6171875 0.19140625 0.06875 0.04375
0 0.54765625 0.18359375 0.06875 0.03984375
0 0.92890625 0.93359375 0.1359375 0.1328125