0 0.73515625 0.85078125 0.5296875 0.2984375
0 0.96640625 0.66484375 0.06328125 0.14140625
0 0.95703125 0.39453125 0.08359375 0.071875
0 0.3421875 0.62890625 0.290625 0.23203125
0 0.23671875 0.95703125 0.31484375 0.0859375
0 0.08125 0.78984375 0.14375 0.13828125
0 0.11640625 0.46328125 0.14375 0.1265625
0 0.0296875 0.5546875 0.059375 0.084375
0 0.2953125 0.3984375 0.1640625 0.08515625
0 0.4203125 0.35234375 0.1296875 0.06875
0 0.66953125 0.415625 0.46015625 0.22890625
0 0.7734375 0.221875 0.215625 0.08671875
0 0.5796875 0.21484375 0.10078125 0.040625
0 0.50234375 0.1859375 0.08359375 0.0421875
0 0.64765625 0.1546875 0.28984375 0.06328125
0 0.346875 0.20234375 0.17890625 0.05
0 0.50546875 0.2875 0.21015625 0.07109375
0 0.29609375 0.3 0.09453125 0.05625
0 0.29140625 0.1515625 0.11796875 0.059375
0 0.40078125 0.1125 0.15859375 0.04375
0 0.584375 0.09375 0.14296875 0.0453125
0 0.5265625 0.05703125 0.18984375 0.02421875
0 0.22421875 0.07890625 0.17734375 0.0453125
0 0.215625 0.115625 0.10390625 0.03984375
0 0.3484375 0.03046875 0.23515625 0.04140625