0 0.5289531249999999 0.9296875 0.23253125 0.140625
0 0.386484375 0.8391562499999999 0.20128125 0.09375
0 0.733453125 0.8382343750000001 0.14521875 0.09375
0 0.24725000000000003 0.758734375 0.110296875 0.059750000000000004
0 0.625453125 0.609828125 0.109375 0.078125
0 0.46460937500000005 0.7123125 0.10018750000000001 0.068015625
0 0.58271875 0.7876875 0.222421875 0.0625
0 0.7605625 0.714609375 0.092828125 0.085484375
0 0.268375 0.6741718750000001 0.08271875 0.054234375
0 0.3331875 0.63603125 0.11856249999999999 0.045953125
0 0.52528125 0.511953125 0.11856249999999999 0.049625
0 0.722421875 0.5261875 0.112125 0.059750000000000004