0 0.41015625 0.79375 0.24375 0.14375
0 0.26328125 0.709375 0.09296875 0.05859375
0 0.3109375 0.61328125 0.0796875 0.03828125
0 0.35 0.44765625 0.08828125 0.040625
0 0.33984375 0.41171875 0.07265625 0.02734375
0 0.67109375 0.5890625 0.09375 0.0421875
0 0.72578125 0.64375 0.05859375 0.03828125
0 0.85546875 0.69140625 0.08828125 0.065625
0 0.76953125 0.4046875 0.12109375 0.05
0 0.86875 0.4921875 0.0578125 0.034375
0 0.91875 0.46953125 0.034375 0.02421875
0 0.94453125 0.575 0.1109375 0.08125
0 0.54609375 0.41953125 0.05 0.04140625
0 0.4421875 0.315625 0.25546875 0.090625