0 0.4078125 0.4953125 0.36015625 0.3375
0 0.159375 0.79140625 0.309375 0.25
0 0.7953125 0.7953125 0.30859375 0.296875
0 0.853125 0.5625 0.23515625 0.2296875
0 0.69296875 0.3703125 0.29375 0.14921875
0 0.67890625 0.2859375 0.1921875 0.06953125
0 0.7453125 0.171875 0.146875 0.08984375
0 0.875 0.1515625 0.071875 0.04140625
0 0.5828125 0.20078125 0.184375 0.078125
0 0.5921875 0.13828125 0.15546875 0.059375
0 0.6109375 0.0890625 0.2015625 0.078125
0 0.39140625 0.1671875 0.21484375 0.08671875
0 0.44453125 0.09921875 0.1109375 0.0609375
0 0.2625 0.11796875 0.1046875 0.05859375
0 0.3015625 0.0765625 0.0828125 0.03671875
0 0.35625 0.04609375 0.11640625 0.0578125
0 0.0984375 0.04140625 0.0671875 0.03515625
0 0.78046875 0.0734375 0.09765625 0.04375
0 0.62421875 0.00859375 0.05078125 0.0171875
0 0.64921875 0.0375 0.05703125 0.03125