0 0.3875 0.81484375 0.16640625 0.1109375
0 0.6640625 0.9265625 0.22734375 0.146875
0 0.8640625 0.74140625 0.0875 0.096875
0 0.79609375 0.59765625 0.10390625 0.05859375
0 0.66796875 0.5640625 0.13125 0.09921875
0 0.628125 0.68984375 0.13203125 0.1203125
0 0.3953125 0.63671875 0.1734375 0.10546875
0 0.36015625 0.509375 0.1421875 0.0609375
0 0.228125 0.59375 0.12890625 0.08125
0 0.146875 0.67109375 0.1515625 0.05703125
0 0.13046875 0.77890625 0.08125 0.046875
0 0.03125 0.74921875 0.0625 0.1609375
0 0.64921875 0.465625 0.14453125 0.053125
0 0.7671875 0.4796875 0.075 0.04765625
0 0.575 0.40859375 0.075 0.0453125
0 0.334375 0.4171875 0.10625 0.03984375
0 0.603125 0.3015625 0.08125 0.0296875
0 0.63125 0.33671875 0.053125 0.0203125
0 0.70234375 0.31875 0.05390625 0.0265625
0 0.68125 0.38515625 0.04140625 0.0203125
0 0.73515625 0.24140625 0.065625 0.021875
0 0.65078125 0.23984375 0.05703125 0.0203125
0 0.6953125 0.2640625 0.05234375 0.0171875
0 0.5359375 0.26640625 0.08671875 0.0265625
0 0.4546875 0.303125 0.109375 0.02421875
0 0.31015625 0.30390625 0.16640625 0.06640625
0 0.184375 0.37734375 0.13203125 0.05078125
0 0.1671875 0.43984375 0.12578125 0.05390625
0 0.103125 0.496875 0.0953125 0.05390625
0 0.13359375 0.55078125 0.0640625 0.0515625
0 0.4375 0.43046875 0.2 0.08125