0 0.82325 0.803671875 0.353515625 0.23157812500000002
0 0.426953125 0.48073437500000005 0.7203125 0.34790625
0 0.322859375 0.282890625 0.184765625 0.08842187500000001
0 0.425203125 0.2018125 0.170703125 0.09426562499999999
0 0.6158125 0.16996875 0.161328125 0.10479687499999998
0 0.421875 0.14965625 0.13671875 0.06415625
0 0.33046875 0.103171875 0.12578125 0.07273437499999999
0 0.43965624999999997 0.077375 0.129296875 0.08367187499999999
0 0.549609375 0.08987500000000001 0.11875 0.061796874999999994
0 0.73671875 0.11781250000000001 0.09453125 0.059078125
0 0.69296875 0.068203125 0.08515625 0.061406249999999996
0 0.244140625 0.167625 0.1640625 0.10010937499999999