0 0.68671875 0.92890625 0.2890625 0.1421875
0 0.4 0.82265625 0.1984375 0.1359375
0 0.3984375 0.63671875 0.21015625 0.11953125
0 0.634375 0.67109375 0.121875 0.121875
0 0.7796875 0.5953125 0.13359375 0.0734375
0 0.825 0.72890625 0.1734375 0.16328125
0 0.6515625 0.4765625 0.15234375 0.0828125
0 0.575 0.41171875 0.09296875 0.0640625
0 0.325 0.41015625 0.11796875 0.03828125
0 0.41953125 0.4234375 0.2046875 0.084375
0 0.35390625 0.50390625 0.16015625 0.06875
0 0.2328125 0.5921875 0.1375 0.08125
0 0.14765625 0.6625 0.153125 0.09921875
0 0.13359375 0.775 0.08671875 0.053125
0 0.0359375 0.74921875 0.071875 0.19765625
0 0.16171875 0.4375 0.1453125 0.05390625
0 0.1046875 0.49921875 0.096875 0.0640625
0 0.6 0.30546875 0.0890625 0.025
0 0.63203125 0.334375 0.05703125 0.02421875
0 0.71953125 0.3234375 0.09921875 0.03671875
0 0.73671875 0.24375 0.0875 0.02109375
0 0.66875 0.25078125 0.10625 0.04609375
0 0.5078125 0.221875 0.0890625 0.015625
0 0.4671875 0.31015625 0.1109375 0.03984375
0 0.31484375 0.29921875 0.17578125 0.07109375