0 0.596875 0.55390625 0.31171875 0.1234375
0 0.809375 0.63828125 0.26484375 0.1828125
0 0.6046875 0.7796875 0.54765625 0.11640625
0 0.21953125 0.7203125 0.41171875 0.2375
0 0.18046875 0.9515625 0.1265625 0.096875
0 0.67421875 0.42109375 0.13359375 0.0453125
0 0.865625 0.48984375 0.1375 0.05390625
0 0.696875 0.46953125 0.0625 0.0421875
0 0.4203125 0.4515625 0.1046875 0.04140625
0 0.3015625 0.496875 0.140625 0.04609375
0 0.2 0.59296875 0.16171875 0.115625
0 0.29375 0.45234375 0.07109375 0.0328125
0 0.3859375 0.39609375 0.1859375 0.07578125
0 0.06328125 0.525 0.12578125 0.0359375