0 0.73984375 0.65625 0.240625 0.29375
0 0.52578125 0.803125 0.25546875 0.39375
0 0.74453125 0.9703125 0.1703125 0.059375
0 0.940625 0.79765625 0.08671875 0.10078125
0 0.18828125 0.603125 0.3765625 0.43828125
0 0.021875 0.89375 0.04375 0.1359375
0 0.4734375 0.440625 0.26640625 0.2359375
0 0.56015625 0.48984375 0.09296875 0.08828125
0 0.63671875 0.47265625 0.08984375 0.07890625
0 0.64296875 0.35546875 0.13125 0.1125
0 0.83203125 0.4265625 0.13984375 0.109375
0 0.4953125 0.3109375 0.14921875 0.09375