0 0.594203125 0.609828125 0.10201562500000001 0.070765625
0 0.544125 0.694859375 0.088234375 0.06434375
0 0.379140625 0.69715625 0.166359375 0.168203125
0 0.24725000000000003 0.8212343750000001 0.0845625 0.10570312500000001
0 0.265625 0.7095625 0.045953125 0.044125
0 0.360296875 0.839609375 0.097421875 0.094671875
0 0.273890625 0.9476093750000001 0.1875 0.10478125
0 0.33134375 0.542734375 0.07996875 0.059750000000000004
0 0.39384375 0.545953125 0.0248125 0.029406250000000002
0 0.397515625 0.508265625 0.136953125 0.11396875
0 0.73896875 0.845125 0.2279375 0.30975
0 0.5680156249999999 0.8772968750000001 0.108453125 0.24540625