0 0.6796875 0.4984375 0.634375 0.996875
0 0.5560625 0.500921875 0.17279687500000002 0.132359375
0 0.5873125 0.6663593750000001 0.161765625 0.13603125
0 0.777578125 0.5335468750000001 0.11764062500000001 0.11304687499999999
0 0.678765625 0.40440624999999997 0.15532812499999998 0.110296875
0 0.5390625 0.322609375 0.10018750000000001 0.07353125
0 0.613515625 0.17371875 0.0689375 0.056984375
0 0.4751875 0.199453125 0.088234375 0.055140625
0 0.500921875 0.096046875 0.11581250000000001 0.0965
0 0.38740625 0.17095312499999998 0.043203124999999995 0.132359375
0 0.42646875 0.389703125 0.066171875 0.06065625