0 0.68828125 0.6 0.09296875 0.059375
0 0.73984375 0.71015625 0.125 0.071875
0 0.5765625 0.809375 0.26640625 0.1546875
0 0.4109375 0.93828125 0.15703125 0.1234375
0 0.37734375 0.69921875 0.08515625 0.10078125
0 0.31875 0.59453125 0.07734375 0.05078125
0 0.2796875 0.64765625 0.0515625 0.04140625
0 0.1546875 0.68828125 0.0875 0.08125
0 0.05 0.56484375 0.1 0.0734375
0 0.1375 0.496875 0.0453125 0.0453125
0 0.090625 0.4734375 0.05859375 0.01953125
0 0.24921875 0.40234375 0.146875 0.0375
0 0.63828125 0.44296875 0.10390625 0.04765625
0 0.64921875 0.41328125 0.07109375 0.03515625
0 0.453125 0.428125 0.0734375 0.03515625
0 0.52265625 0.328125 0.10859375 0.03515625
0 0.65390625 0.2421875 0.0375 0.02265625
0 0.8296875 0.16640625 0.12578125 0.04765625
0 0.9296875 0.209375 0.128125 0.0453125
0 0.4359375 0.25703125 0.0515625 0.046875