0 0.13359375 0.846875 0.1390625 0.19765625
0 0.23515625 0.921875 0.0875 0.11015625
0 0.365625 0.91171875 0.1109375 0.115625
0 0.43515625 0.97421875 0.13125 0.0515625
0 0.5109375 0.8890625 0.109375 0.11953125
0 0.66875 0.95625 0.1625 0.0875
0 0.59453125 0.75859375 0.10546875 0.07421875
0 0.4515625 0.75703125 0.11953125 0.103125
0 0.3328125 0.7546875 0.10625 0.103125
0 0.47265625 0.5765625 0.053125 0.040625
0 0.42265625 0.55 0.059375 0.0296875
0 0.35625 0.5421875 0.08203125 0.0453125
0 0.55703125 0.52734375 0.21875 0.1546875
0 0.79453125 0.6671875 0.4109375 0.26875
0 0.9015625 0.8859375 0.196875 0.228125
0 0.39765625 0.38203125 0.11015625 0.10859375