0 0.48125 0.55859375 0.5265625 0.184375
0 0.1984375 0.64765625 0.3171875 0.08671875
0 0.21796875 0.78046875 0.3484375 0.14609375
0 0.4078125 0.925 0.259375 0.15
0 0.72734375 0.809375 0.178125 0.07265625
0 0.83125 0.93046875 0.2390625 0.1046875
0 0.815625 0.5140625 0.1234375 0.06171875
0 0.63828125 0.4109375 0.09296875 0.0515625
0 0.4203125 0.32890625 0.121875 0.0671875
0 0.1453125 0.2203125 0.1359375 0.11953125
0 0.4 0.15859375 0.1375 0.0984375
0 0.31484375 0.23046875 0.0875 0.04609375
0 0.3890625 0.25859375 0.10078125 0.06328125
0 0.48515625 0.2390625 0.10390625 0.0375
0 0.26484375 0.31796875 0.14453125 0.0421875
0 0.12421875 0.46953125 0.2484375 0.1046875
0 0.72578125 0.18671875 0.18359375 0.090625