0 0.7203125 0.91328125 0.16796875 0.08828125
0 0.565625 0.90390625 0.09765625 0.05625
0 0.5828125 0.721875 0.1765625 0.121875
0 0.72578125 0.6125 0.2796875 0.0890625
0 0.6375 0.565625 0.1203125 0.046875
0 0.81484375 0.559375 0.19765625 0.06953125
0 0.66953125 0.44921875 0.29140625 0.05703125
0 0.4796875 0.4828125 0.24140625 0.08125
0 0.425 0.565625 0.1875 0.10625
0 0.2609375 0.425 0.14140625 0.05390625
0 0.07578125 0.52734375 0.1515625 0.1078125
0 0.7640625 0.415625 0.090625 0.03515625
0 0.55859375 0.36328125 0.13671875 0.03828125
0 0.41796875 0.40078125 0.21015625 0.05546875
0 0.39453125 0.29453125 0.10625 0.02265625
0 0.70859375 0.33125 0.09921875 0.0328125
0 0.75546875 0.35859375 0.08125 0.0328125
0 0.65546875 0.30703125 0.0515625 0.01640625
0 0.6140625 0.28046875 0.06796875 0.01875
0 0.678125 0.26484375 0.04375 0.02578125
0 0.6984375 0.22265625 0.05390625 0.025
0 0.49609375 0.2375 0.128125 0.0375
0 0.340625 0.246875 0.05859375 0.01015625
0 0.44453125 0.18671875 0.021875 0.01015625
0 0.559375 0.2 0.11484375 0.03671875
0 0.22890625 0.3359375 0.07734375 0.0671875