0 0.690625 0.925 0.225 0.15
0 0.3953125 0.809375 0.14609375 0.11640625
0 0.40234375 0.63671875 0.1828125 0.103125
0 0.6703125 0.559375 0.15 0.07734375
0 0.7984375 0.60234375 0.08203125 0.05
0 0.859375 0.7453125 0.06796875 0.1078125
0 0.14453125 0.6640625 0.1625 0.10234375
0 0.03671875 0.6921875 0.0734375 0.059375
0 0.13203125 0.77578125 0.08671875 0.075
0 0.025 0.79296875 0.05 0.0796875
0 0.36640625 0.51171875 0.140625 0.059375
0 0.228125 0.5921875 0.1421875 0.0921875
0 0.6484375 0.46328125 0.1421875 0.05
0 0.77421875 0.475 0.09375 0.05546875
0 0.58125 0.4109375 0.096875 0.0421875
0 0.62734375 0.33671875 0.05625 0.0203125
0 0.709375 0.3203125 0.06796875 0.03203125
0 0.59296875 0.30625 0.10546875 0.02265625
0 0.4453125 0.3109375 0.13359375 0.03203125
0 0.334375 0.409375 0.1078125 0.03984375
0 0.2359375 0.47734375 0.11328125 0.06328125
0 0.09609375 0.50390625 0.1078125 0.06171875
0 0.17265625 0.4390625 0.115625 0.05703125
0 0.6921875 0.2484375 0.14765625 0.046875
0 0.64921875 0.284375 0.040625 0.01171875
0 0.534375 0.27421875 0.08828125 0.02421875
0 0.5296875 0.23046875 0.10078125 0.05078125
0 0.64375 0.178125 0.13046875 0.0421875