0 0.6890625 0.82265625 0.19296875 0.353125
0 0.11640625 0.9078125 0.22734375 0.184375
0 0.403125 0.7625 0.140625 0.17109375
0 0.19609375 0.6953125 0.11640625 0.10390625
0 0.03828125 0.665625 0.05 0.05078125
0 0.2875 0.5609375 0.1140625 0.0984375
0 0.44453125 0.5171875 0.13671875 0.11640625
0 0.51640625 0.61796875 0.08125 0.053125
0 0.61953125 0.55859375 0.12890625 0.1046875
0 0.63203125 0.4203125 0.125 0.09765625
0 0.51328125 0.41484375 0.08203125 0.04765625
0 0.37890625 0.44609375 0.103125 0.0515625
0 0.48515625 0.35625 0.06796875 0.06328125
0 0.50703125 0.29765625 0.04296875 0.040625
0 0.85078125 0.384375 0.2984375 0.1625
0 0.9109375 0.690625 0.178125 0.153125