0 0.4515625 0.81328125 0.48046875 0.22421875
0 0.72265625 0.7296875 0.30546875 0.1140625
0 0.590625 0.65546875 0.2640625 0.046875
0 0.33671875 0.684375 0.1546875 0.0734375
0 0.3421875 0.58125 0.096875 0.04375
0 0.5265625 0.6078125 0.2703125 0.0515625
0 0.6 0.571875 0.0734375 0.0140625
0 0.45234375 0.56953125 0.134375 0.0140625
0 0.50625 0.55546875 0.0515625 0.0171875
0 0.3328125 0.5359375 0.08671875 0.04296875
0 0.31875 0.5078125 0.0328125 0.03203125
0 0.38671875 0.51640625 0.07109375 0.04140625
0 0.45390625 0.534375 0.07890625 0.04375