0 0.14921875 0.80078125 0.2984375 0.2359375
0 0.4234375 0.5484375 0.38515625 0.296875
0 0.65859375 0.3828125 0.2203125 0.14609375
0 0.859375 0.51484375 0.253125 0.14375
0 0.87109375 0.6453125 0.21796875 0.11015625
0 0.80078125 0.8078125 0.1921875 0.25546875
0 0.67265625 0.28046875 0.1703125 0.06875
0 0.58203125 0.1984375 0.18828125 0.0890625
0 0.3875 0.16875 0.20078125 0.06953125
0 0.7671875 0.15546875 0.09140625 0.03828125
0 0.86796875 0.14921875 0.07890625 0.03359375
0 0.72265625 0.1890625 0.09609375 0.04140625
0 0.575 0.13203125 0.13515625 0.04765625
0 0.65390625 0.0984375 0.1296875 0.053125
0 0.5515625 0.07109375 0.13359375 0.04453125
0 0.434375 0.1 0.1109375 0.03984375
0 0.78671875 0.0765625 0.084375 0.028125
0 0.64921875 0.03984375 0.0640625 0.02578125
0 0.62890625 0.0078125 0.06015625 0.015625
0 0.25625 0.11796875 0.10078125 0.03671875
0 0.30546875 0.071875 0.07734375 0.0328125
0 0.39296875 0.04453125 0.09453125 0.0359375
0 0.31796875 0.0296875 0.07109375 0.03359375
0 0.103125 0.040625 0.07734375 0.025
0 0.015625 0.04765625 0.03125 0.02109375