0 0.4546875 0.50703125 0.18671875 0.12421875
0 0.40546875 0.66875 0.1515625 0.1578125
0 0.21953125 0.53359375 0.0953125 0.0984375
0 0.0609375 0.81796875 0.121875 0.1828125
0 0.31328125 0.39765625 0.1453125 0.09921875
0 0.45078125 0.33359375 0.140625 0.07734375
0 0.575 0.3859375 0.07578125 0.07890625
0 0.38203125 0.18984375 0.084375 0.05703125
0 0.52734375 0.209375 0.0890625 0.0671875
0 0.61875 0.14765625 0.0421875 0.06875
0 0.53203125 0.08359375 0.10625 0.03671875
0 0.48046875 0.1203125 0.0890625 0.03671875
0 0.61953125 0.2140625 0.0328125 0.05234375