0 0.30146875 0.8901718750000001 0.47242187500000005 0.21967187500000002
0 0.733453125 0.7238749999999999 0.193015625 0.18290625
0 0.51884375 0.57221875 0.19209375 0.07996875
0 0.4921875 0.70871875 0.15532812499999998 0.10293749999999999
0 0.19853125 0.618640625 0.11396875 0.10110937499999999
0 0.339609375 0.48445312500000004 0.164515625 0.066171875
0 0.5960468750000001 0.4385 0.133265625 0.080875
0 0.75 0.485375 0.14521875 0.0716875
0 0.9035 0.579125 0.11581250000000001 0.097421875
0 0.48253124999999997 0.324984375 0.14521875 0.054234375
0 0.4949375 0.254203125 0.12775 0.0376875
0 0.29871875000000003 0.24271875 0.0533125 0.029406250000000002
0 0.137875 0.334625 0.275734375 0.128671875
0 0.36121875000000003 0.33003125 0.097421875 0.07353125
0 0.6456875 0.334171875 0.07996875 0.06709375
0 0.9682968750000001 0.9246718749999999 0.063421875 0.15065625
0 0.48621875000000003 0.8194687500000001 0.23896875 0.140625