0 0.6203125 0.553125 0.159375 0.12890625
0 0.6828125 0.82421875 0.209375 0.3515625
0 0.92734375 0.68203125 0.1453125 0.17265625
0 0.83046875 0.3796875 0.3296875 0.18671875
0 0.62734375 0.4078125 0.10234375 0.103125
0 0.5078125 0.41484375 0.09453125 0.06171875
0 0.4484375 0.52578125 0.1 0.1234375
0 0.51953125 0.62109375 0.103125 0.05546875
0 0.40546875 0.76171875 0.16015625 0.15703125
0 0.12578125 0.91015625 0.2515625 0.17109375
0 0.19375 0.6984375 0.1359375 0.078125
0 0.2875 0.55859375 0.103125 0.07265625
0 0.38671875 0.44609375 0.06875 0.05390625
0 0.371875 0.39375 0.08671875 0.05546875
0 0.41015625 0.3359375 0.04140625 0.05078125
0 0.4859375 0.36484375 0.07421875 0.07890625
0 0.50703125 0.30234375 0.04765625 0.0328125
0 0.51328125 0.23515625 0.0375 0.059375