0 0.82109375 0.93828125 0.159375 0.10078125
0 0.70703125 0.803125 0.1671875 0.11953125
0 0.40703125 0.9171875 0.26796875 0.16484375
0 0.2140625 0.78125 0.41875 0.14765625
0 0.38984375 0.56875 0.375 0.15078125
0 0.55234375 0.67265625 0.290625 0.08125
0 0.34921875 0.46640625 0.54921875 0.08359375
0 0.65625 0.4984375 0.14921875 0.0625
0 0.40625 0.334375 0.1578125 0.075
0 0.06328125 0.35234375 0.1265625 0.05703125
0 0.05234375 0.60078125 0.1046875 0.1203125
0 0.15078125 0.24609375 0.1609375 0.1171875
0 0.3484375 0.240625 0.171875 0.0921875
0 0.41875 0.16484375 0.1140625 0.07109375
0 0.49140625 0.23125 0.09296875 0.06171875
0 0.940625 0.39765625 0.11796875 0.04765625
0 0.028125 0.14609375 0.05625 0.0421875