0 0.30390625 0.76796875 0.6078125 0.43125
0 0.7203125 0.8546875 0.13046875 0.0953125
0 0.67578125 0.5078125 0.1125 0.0453125
0 0.4421875 0.5171875 0.14375 0.07109375
0 0.7296875 0.39765625 0.14921875 0.065625
0 0.634375 0.4109375 0.1078125 0.0328125
0 0.565625 0.45 0.065625 0.05
0 0.64140625 0.4671875 0.16875 0.07734375
0 0.596875 0.3734375 0.10078125 0.0453125
0 0.80078125 0.46953125 0.0765625 0.084375
0 0.76015625 0.5171875 0.053125 0.0375
0 0.9328125 0.7359375 0.07734375 0.175
0 0.62890625 0.32421875 0.1515625 0.053125