0 0.60390625 0.8 0.41953125 0.29609375
0 0.56484375 0.50546875 0.23359375 0.1140625
0 0.6375 0.3953125 0.1953125 0.06328125
0 0.38359375 0.43828125 0.13203125 0.0484375
0 0.39453125 0.3953125 0.09609375 0.04609375
0 0.3375 0.3609375 0.09375 0.0390625
0 0.29140625 0.4 0.0609375 0.0390625
0 0.2484375 0.52890625 0.084375 0.04765625
0 0.29453125 0.61640625 0.04140625 0.0390625
0 0.18671875 0.64765625 0.10859375 0.1625
0 0.125 0.7796875 0.1109375 0.11953125
0 0.6578125 0.315625 0.1328125 0.065625
0 0.534375 0.37734375 0.13046875 0.0765625
0 0.45546875 0.34296875 0.06875 0.03359375
0 0.54375 0.328125 0.06796875 0.02578125
0 0.575 0.2984375 0.090625 0.03046875
0 0.53984375 0.2796875 0.09609375 0.0328125
0 0.5890625 0.2359375 0.0640625 0.0265625
0 0.5359375 0.2515625 0.0578125 0.0328125
0 0.43046875 0.259375 0.0796875 0.02890625
0 0.3921875 0.29921875 0.059375 0.03828125
0 0.65625 0.228125 0.0453125 0.03671875
0 0.60078125 0.17890625 0.059375 0.034375
0 0.5359375 0.15859375 0.0859375 0.09140625