0 0.5765625 0.79921875 0.2828125 0.1390625
0 0.7359375 0.70390625 0.0953125 0.0625
0 0.68984375 0.60859375 0.07421875 0.0484375
0 0.6515625 0.4453125 0.08125 0.05078125
0 0.6578125 0.409375 0.05703125 0.0265625
0 0.390625 0.54375 0.08671875 0.0640625
0 0.27734375 0.6390625 0.07109375 0.053125
0 0.32109375 0.5875 0.07109375 0.04609375
0 0.146875 0.678125 0.0625 0.06640625
0 0.4078125 0.6890625 0.1625 0.06640625
0 0.1484375 0.4890625 0.05234375 0.040625
0 0.05625 0.5609375 0.1125 0.075
0 0.08515625 0.46953125 0.06328125 0.02734375
0 0.2375 0.40859375 0.1234375 0.046875
0 0.4390625 0.43828125 0.10859375 0.05
0 0.4890625 0.3546875 0.14453125 0.09375
0 0.93125 0.21015625 0.10390625 0.04609375
0 0.8109375 0.16875 0.125 0.0453125
0 0.6359375 0.25078125 0.13125 0.078125