0 0.7234375 0.56015625 0.4828125 0.296875
0 0.915625 0.878125 0.16875 0.24375
0 0.29765625 0.9515625 0.26953125 0.096875
0 0.25859375 0.7125 0.08125 0.05703125
0 0.3453125 0.71484375 0.06953125 0.053125
0 0.3875 0.6546875 0.06953125 0.0421875
0 0.07890625 0.72734375 0.06953125 0.08984375
0 0.025 0.79609375 0.05 0.0671875
0 0.19296875 0.565625 0.08984375 0.05
0 0.21953125 0.475 0.0515625 0.0296875
0 0.15625 0.51953125 0.053125 0.025
0 0.41015625 0.5609375 0.0296875 0.0359375
0 0.653125 0.3640625 0.296875 0.0671875