0 0.2640625 0.64375 0.28828125 0.09921875
0 0.1296875 0.8078125 0.18359375 0.13125
0 0.43046875 0.74375 0.20390625 0.103125
0 0.58515625 0.68828125 0.1671875 0.09375
0 0.65859375 0.49609375 0.1625 0.05390625
0 0.565625 0.5625 0.21328125 0.10078125
0 0.77265625 0.77421875 0.1828125 0.08203125
0 0.85703125 0.9234375 0.2859375 0.153125
0 0.50859375 0.45234375 0.19453125 0.115625
0 0.30859375 0.45 0.125 0.0796875
0 0.1734375 0.46796875 0.07265625 0.05546875
0 0.053125 0.515625 0.10625 0.26875
0 0.23671875 0.3515625 0.140625 0.06875