0 0.55078125 0.828125 0.49921875 0.1984375
0 0.2765625 0.721875 0.284375 0.1078125
0 0.48828125 0.73359375 0.09375 0.0515625
0 0.65546875 0.6875 0.17109375 0.0828125
0 0.39375 0.65390625 0.3328125 0.04140625
0 0.63984375 0.5953125 0.10078125 0.01953125
0 0.46484375 0.61796875 0.29375 0.034375
0 0.403125 0.58359375 0.071875 0.02734375
0 0.50703125 0.5890625 0.1046875 0.0203125
0 0.521875 0.5640625 0.12890625 0.03828125
0 0.60625 0.5578125 0.0328125 0.0203125
0 0.6609375 0.55078125 0.04375 0.01953125
0 0.67578125 0.5796875 0.06953125 0.021875
0 0.68203125 0.5078125 0.04609375 0.015625
0 0.6859375 0.534375 0.0734375 0.01875
0 0.61484375 0.50234375 0.07890625 0.04296875
0 0.553125 0.53359375 0.0453125 0.015625
0 0.63125 0.5328125 0.05390625 0.02109375