0 0.7359375 0.834375 0.528125 0.33125
0 0.35078125 0.628125 0.29296875 0.21875
0 0.2328125 0.94375 0.2625 0.1125
0 0.07734375 0.76953125 0.13046875 0.1296875
0 0.0265625 0.5484375 0.053125 0.09921875
0 0.1109375 0.4671875 0.11796875 0.12109375
0 0.2828125 0.3890625 0.1609375 0.08515625
0 0.42265625 0.353125 0.13203125 0.05546875
0 0.6671875 0.4265625 0.3953125 0.19296875
0 0.9609375 0.65546875 0.078125 0.11875
0 0.9640625 0.39375 0.071875 0.06171875
0 0.7953125 0.2140625 0.25390625 0.078125
0 0.7359375 0.2796875 0.10234375 0.059375
0 0.503125 0.2828125 0.19375 0.0734375
0 0.34296875 0.1953125 0.178125 0.05625
0 0.3421875 0.24375 0.05703125 0.034375
0 0.29921875 0.29609375 0.06171875 0.0484375
0 0.4796875 0.18671875 0.0921875 0.03203125
0 0.57265625 0.215625 0.09921875 0.0484375
0 0.615625 0.153125 0.20625 0.06875
0 0.39921875 0.1140625 0.1453125 0.0484375
0 0.2796875 0.1421875 0.10859375 0.0578125
0 0.2140625 0.10546875 0.13359375 0.0578125