0 0.725 0.7296875 0.19375 0.13359375
0 0.95859375 0.9421875 0.0828125 0.115625
0 0.2765625 0.896875 0.36796875 0.20625
0 0.48515625 0.82109375 0.20703125 0.10859375
0 0.478125 0.7140625 0.153125 0.1140625
0 0.50625 0.5796875 0.15078125 0.08828125
0 0.17890625 0.6203125 0.125 0.08828125
0 0.33515625 0.48515625 0.1265625 0.08359375
0 0.17890625 0.525 0.1453125 0.08671875
0 0.86484375 0.5828125 0.20234375 0.11484375
0 0.78515625 0.484375 0.22890625 0.06796875
0 0.603125 0.43515625 0.0875 0.0484375
0 0.48828125 0.3265625 0.075 0.028125
0 0.3515625 0.33125 0.18125 0.04296875
0 0.15703125 0.35078125 0.17109375 0.0953125
0 0.496875 0.25546875 0.14609375 0.04609375
0 0.29609375 0.24375 0.06796875 0.015625
0 0.628125 0.3375 0.10390625 0.05078125
0 0.5375 0.4015625 0.04765625 0.03984375
0 0.490625 0.47109375 0.16328125 0.11328125