0 0.60546875 0.482328125 0.25390625 0.170921875
0 0.58203125 0.8183281250000001 0.20703125 0.20228125000000002
0 0.76815625 0.8495781250000001 0.200390625 0.13978125
0 0.688671875 0.954296875 0.1625 0.09140625
0 0.47421875 0.917546875 0.13203125 0.103859375
0 0.385546875 0.769484375 0.0875 0.06553125
0 0.276953125 0.74115625 0.1515625 0.15342187499999999
0 0.232421875 0.6620468749999999 0.125 0.09284375
0 0.1171875 0.7677343750000001 0.13671875 0.128421875
0 0.076375 0.612984375 0.152734375 0.3216875
0 0.200390625 0.458890625 0.1703125 0.186546875
0 0.357421875 0.393640625 0.125 0.141984375
0 0.407421875 0.47040625 0.115625 0.10410937499999999
0 0.33125 0.57746875 0.17421875 0.14634375
0 0.458015625 0.57140625 0.111328125 0.11468750000000001
0 0.4515625 0.749953125 0.11796875 0.15146874999999999
0 0.74825 0.679828125 0.090234375 0.1635625
0 0.61953125 0.32 0.23515625 0.15484375
0 0.15625 0.30789062500000003 0.3125 0.1696875
0 0.029296875 0.4430625 0.05859375 0.08065625
0 0.37675000000000003 0.197515625 0.105078125 0.140359375