0 0.719671875 0.9439375 0.191171875 0.112125
0 0.7444843750000001 0.82025 0.0845625 0.114890625
0 0.734375 0.711796875 0.0533125 0.050546875000000005
0 0.636953125 0.8423125 0.069859375 0.11673437499999999
0 0.61259375 0.7035312499999999 0.1626875 0.1626875
0 0.45726562499999995 0.693875 0.081796875 0.06434375
0 0.44990625 0.877734375 0.12592187500000002 0.244546875
0 0.2109375 0.833609375 0.3373125 0.33278125
0 0.40854687500000003 0.619890625 0.063421875 0.054234375
0 0.6783125 0.5505 0.075375 0.06434375
0 0.60478125 0.509140625 0.143375 0.137875