0 0.41953125 0.81015625 0.26171875 0.20703125
0 0.425 0.50625 0.21328125 0.1359375
0 0.34921875 0.40546875 0.1578125 0.0796875
0 0.45234375 0.3703125 0.1203125 0.0640625
0 0.34375 0.33828125 0.103125 0.0515625
0 0.40546875 0.29609375 0.07734375 0.03828125
0 0.44375 0.33203125 0.05078125 0.0359375
0 0.525 0.33359375 0.0359375 0.0296875
0 0.5953125 0.42265625 0.0953125 0.06796875
0 0.59765625 0.37890625 0.0671875 0.05234375
0 0.678125 0.39296875 0.0625 0.025
0 0.65078125 0.3453125 0.071875 0.0484375
0 0.55 0.25703125 0.06796875 0.02265625
0 0.58828125 0.29453125 0.05859375 0.04296875
0 0.46484375 0.24609375 0.05546875 0.01875
0 0.45234375 0.26015625 0.05859375 0.01484375
0 0.446875 0.2828125 0.09296875 0.028125
0 0.396875 0.2375 0.065625 0.02578125
0 0.32578125 0.234375 0.04140625 0.01875
0 0.378125 0.19609375 0.0484375 0.05
0 0.43671875 0.16875 0.071875 0.053125
0 0.89140625 0.7671875 0.1296875 0.1203125
0 0.79609375 0.60078125 0.1125 0.2
0 0.06328125 0.9390625 0.1265625 0.121875