0 0.72890625 0.74296875 0.19375 0.16171875
0 0.48125 0.8296875 0.225 0.08359375
0 0.2703125 0.90234375 0.390625 0.1953125
0 0.90078125 0.58515625 0.14296875 0.1078125
0 0.51015625 0.5765625 0.146875 0.08125
0 0.48359375 0.715625 0.1421875 0.125
0 0.17265625 0.60859375 0.10390625 0.10078125
0 0.340625 0.48359375 0.13125 0.1
0 0.60390625 0.44375 0.1140625 0.03984375
0 0.78671875 0.49296875 0.2328125 0.08515625
0 0.50078125 0.328125 0.096875 0.034375
0 0.18671875 0.3375 0.16171875 0.0796875
0 0.13359375 0.46328125 0.13515625 0.10625
0 0.37421875 0.290625 0.11015625 0.1171875
0 0.490625 0.25546875 0.11796875 0.06953125