0 0.465625 0.89375 0.42265625 0.20859375
0 0.27890625 0.63125 0.27890625 0.075
0 0.621875 0.5734375 0.25859375 0.08828125
0 0.45859375 0.4578125 0.08828125 0.0671875
0 0.58125 0.46015625 0.11484375 0.04140625
0 0.709375 0.465625 0.19609375 0.078125
0 0.94140625 0.41640625 0.1171875 0.0296875
0 0.72890625 0.3640625 0.14921875 0.06484375
0 0.5390625 0.36484375 0.14609375 0.0671875
0 0.58359375 0.30703125 0.1015625 0.0203125
0 0.07421875 0.5171875 0.1328125 0.0765625
0 0.25546875 0.371875 0.13515625 0.04765625