0 0.2640625 0.690625 0.17890625 0.12265625
0 0.23828125 0.3265625 0.09609375 0.07109375
0 0.23515625 0.21328125 0.0671875 0.025
0 0.415625 0.2546875 0.07265625 0.03046875
0 0.19609375 0.159375 0.06328125 0.025
0 0.6984375 0.25703125 0.05546875 0.0296875
0 0.78828125 0.3484375 0.15703125 0.14765625
0 0.65546875 0.20625 0.05 0.02578125
0 0.8796875 0.8921875 0.15546875 0.0984375
0 0.80390625 0.759375 0.078125 0.02421875
0 0.85 0.740625 0.03828125 0.015625
0 0.678125 0.68515625 0.06328125 0.0265625
0 0.60234375 0.66640625 0.084375 0.05390625