0 0.41796875 0.78984375 0.1796875 0.19296875
0 0.21796875 0.62890625 0.11015625 0.134375
0 0.32421875 0.48515625 0.15546875 0.115625
0 0.43828125 0.60390625 0.16875 0.12734375
0 0.8390625 0.796875 0.23671875 0.22890625
0 0.8 0.55234375 0.1734375 0.26640625
0 0.5671875 0.47890625 0.09140625 0.0671875
0 0.45390625 0.396875 0.103125 0.09609375
0 0.5609375 0.38203125 0.13203125 0.0859375
0 0.6515625 0.26015625 0.1296875 0.06171875
0 0.73515625 0.33515625 0.0765625 0.08828125
0 0.528125 0.246875 0.08125 0.07734375
0 0.36796875 0.225 0.10078125 0.06328125
0 0.47734375 0.146875 0.08828125 0.0921875
0 0.59921875 0.15859375 0.10703125 0.11953125