0 0.2671875 0.94375 0.203125 0.1125
0 0.42109375 0.72890625 0.103125 0.109375
0 0.340625 0.665625 0.0796875 0.08828125
0 0.26953125 0.7125 0.0546875 0.046875
0 0.25390625 0.81953125 0.07890625 0.11015625
0 0.35390625 0.8296875 0.0875 0.140625
0 0.54609375 0.80546875 0.09609375 0.1359375
0 0.7453125 0.8453125 0.240625 0.309375
0 0.54375 0.68828125 0.06875 0.05390625
0 0.6 0.6171875 0.05 0.034375
0 0.3234375 0.54296875 0.07109375 0.06484375
0 0.38203125 0.475 0.140625 0.0703125
0 0.4296875 0.5421875 0.096875 0.065625