0 0.19375 0.68125 0.3875 0.246875
0 0.0453125 0.86328125 0.090625 0.2109375
0 0.48671875 0.88515625 0.1265625 0.1
0 0.54921875 0.75078125 0.1015625 0.10859375
0 0.6578125 0.73046875 0.090625 0.1140625
0 0.76015625 0.921875 0.103125 0.11953125
0 0.86640625 0.85625 0.146875 0.18828125
0 0.6203125 0.90390625 0.13125 0.1328125
0 0.64609375 0.53671875 0.078125 0.0515625
0 0.5671875 0.55390625 0.05234375 0.03359375
0 0.5375 0.571875 0.03828125 0.04453125
0 0.73359375 0.4 0.065625 0.06484375
0 0.7171875 0.31796875 0.084375 0.1125
0 0.5703125 0.41875 0.05 0.0609375
0 0.48125 0.5390625 0.175 0.1375
0 0.43984375 0.39296875 0.11015625 0.10234375
0 0.59609375 0.296875 0.1109375 0.07109375