0 0.275 0.628125 0.42890625 0.30625
0 0.13515625 0.90234375 0.1390625 0.1953125
0 0.64140625 0.7140625 0.14375 0.1640625
0 0.68515625 0.8734375 0.0875 0.13984375
0 0.81484375 0.821875 0.1140625 0.13359375
0 0.8234375 0.66484375 0.159375 0.12265625
0 0.9515625 0.79921875 0.096875 0.1265625
0 0.89453125 0.57265625 0.2109375 0.1171875
0 0.7125 0.45703125 0.090625 0.0875
0 0.60234375 0.5453125 0.14609375 0.16171875
0 0.4875 0.43203125 0.0734375 0.06953125
0 0.24921875 0.42109375 0.07578125 0.0609375