0 0.4546875 0.83046875 0.4609375 0.2015625
0 0.7296875 0.72578125 0.31484375 0.1046875
0 0.33828125 0.68046875 0.14140625 0.07734375
0 0.53046875 0.65078125 0.165625 0.04375
0 0.6859375 0.65234375 0.15078125 0.0359375
0 0.6015625 0.59296875 0.0796875 0.02109375
0 0.49765625 0.60234375 0.11015625 0.03359375
0 0.41484375 0.6140625 0.0625 0.0234375
0 0.34296875 0.5796875 0.09921875 0.03203125
0 0.3234375 0.5421875 0.075 0.04609375
0 0.44375 0.5234375 0.10625 0.05546875
0 0.459375 0.57265625 0.1046875 0.02265625
0 0.52890625 0.5578125 0.0453125 0.01640625