0 0.80546875 0.78125 0.32890625 0.13046875
0 0.57421875 0.91328125 0.24921875 0.1515625
0 0.2890625 0.79921875 0.2 0.1234375
0 0.1828125 0.9421875 0.1390625 0.075
0 0.57421875 0.59765625 0.2703125 0.15703125
0 0.84453125 0.45703125 0.165625 0.0890625
0 0.61171875 0.334375 0.1234375 0.0890625
0 0.859375 0.2671875 0.128125 0.146875
0 0.584375 0.159375 0.1390625 0.13828125
0 0.20078125 0.521875 0.1078125 0.09296875
0 0.51484375 0.48984375 0.46640625 0.09296875
0 0.89453125 0.61328125 0.2109375 0.1734375