0 0.38515625 0.63046875 0.2125 0.121875
0 0.3984375 0.8109375 0.153125 0.10078125
0 0.678125 0.928125 0.18125 0.14375
0 0.85625 0.73984375 0.0734375 0.0984375
0 0.7953125 0.59921875 0.09140625 0.06328125
0 0.66484375 0.55625 0.14765625 0.0953125
0 0.621875 0.66328125 0.13515625 0.0796875
0 0.634375 0.46953125 0.12421875 0.06015625
0 0.57578125 0.40703125 0.0859375 0.0546875
0 0.3640625 0.5203125 0.15625 0.0734375
0 0.31015625 0.41640625 0.13515625 0.05625
0 0.2453125 0.46875 0.11484375 0.07265625
0 0.1515625 0.66796875 0.15703125 0.09296875
0 0.13203125 0.7734375 0.0828125 0.05546875
0 0.640625 0.23359375 0.05234375 0.025
0 0.73203125 0.24140625 0.07109375 0.02421875
0 0.66796875 0.28359375 0.071875 0.0453125
0 0.70078125 0.31875 0.046875 0.01796875
0 0.58203125 0.30546875 0.071875 0.01640625
0 0.46640625 0.30703125 0.10234375 0.04375
0 0.3015625 0.31015625 0.1921875 0.065625
0 0.1890625 0.38046875 0.13203125 0.04140625
0 0.1703125 0.434375 0.121875 0.05703125
0 0.09453125 0.4984375 0.10859375 0.059375
0 0.03359375 0.68125 0.0671875 0.103125
0 0.8453125 0.3078125 0.053125 0.03359375
0 0.90625 0.38984375 0.04375 0.04921875
0 0.9578125 0.3703125 0.084375 0.06875
0 0.68203125 0.38828125 0.0328125 0.025
0 0.621875 0.3328125 0.03984375 0.02890625
0 0.509375 0.23203125 0.05 0.028125
0 0.6640625 0.16953125 0.08125 0.0890625