0 0.67890625 0.6390625 0.25625 0.29921875
0 0.30859375 0.84609375 0.396875 0.3078125
0 0.3375 0.409375 0.39296875 0.2421875
0 0.7046875 0.39296875 0.17734375 0.07890625
0 0.58125 0.3546875 0.1140625 0.07109375
0 0.4953125 0.28984375 0.18984375 0.078125
0 0.65234375 0.1984375 0.18515625 0.0546875
0 0.48984375 0.18671875 0.06953125 0.01484375
0 0.415625 0.21796875 0.10390625 0.0546875
0 0.221875 0.21484375 0.19375 0.084375
0 0.03359375 0.390625 0.0671875 0.1125
0 0.13203125 0.56953125 0.17421875 0.12734375
0 0.04140625 0.684375 0.0828125 0.103125
0 0.91484375 0.765625 0.1703125 0.1375
0 0.87109375 0.4625 0.14296875 0.12265625
0 0.72734375 0.146875 0.1171875 0.0640625
0 0.6234375 0.11484375 0.1203125 0.06171875
0 0.390625 0.14453125 0.19765625 0.0578125
0 0.490625 0.0578125 0.14140625 0.028125
0 0.440625 0.0953125 0.0765625 0.03984375
0 0.790625 0.07265625 0.15859375 0.06015625
0 0.671875 0.02421875 0.14921875 0.04765625