0 0.12265625 0.903125 0.2453125 0.19375
0 0.68125 0.81171875 0.2 0.3765625
0 0.403125 0.75234375 0.1484375 0.17890625
0 0.2 0.68828125 0.11015625 0.1125
0 0.2875 0.55 0.11953125 0.090625
0 0.4390625 0.47890625 0.153125 0.06015625
0 0.425 0.55 0.1453125 0.071875
0 0.51015625 0.6078125 0.0890625 0.0515625
0 0.61796875 0.56640625 0.1546875 0.1171875
0 0.88984375 0.678125 0.18203125 0.12734375
0 0.72734375 0.4484375 0.1296875 0.1125
0 0.6203125 0.41640625 0.17265625 0.10390625
0 0.51015625 0.421875 0.128125 0.0765625
0 0.3921875 0.43671875 0.0890625 0.05
0 0.47578125 0.359375 0.06953125 0.034375
0 0.54609375 0.3015625 0.15546875 0.0546875
0 0.86015625 0.37890625 0.2796875 0.1984375