0 0.56875 0.85078125 0.42109375 0.2984375
0 0.13046875 0.73359375 0.2609375 0.53203125
0 0.77421875 0.6734375 0.12265625 0.09140625
0 0.81171875 0.7640625 0.06953125 0.07109375
0 0.52109375 0.52734375 0.16953125 0.1
0 0.38984375 0.64140625 0.09375 0.12734375
0 0.33125 0.4234375 0.10390625 0.06953125
0 0.4046875 0.3296875 0.18125 0.07578125
0 0.63359375 0.35078125 0.31015625 0.06328125
0 0.6984375 0.43515625 0.134375 0.078125
0 0.80234375 0.46796875 0.08359375 0.0578125
0 0.7234375 0.5171875 0.06171875 0.0703125
0 0.8484375 0.59921875 0.0828125 0.06484375