0 0.634375 0.48125 0.13046875 0.05625
0 0.67734375 0.55234375 0.08125 0.05546875
0 0.56484375 0.54296875 0.09609375 0.07890625
0 0.653125 0.66328125 0.08671875 0.10625
0 0.58125 0.72734375 0.0828125 0.11796875
0 0.6296875 0.840625 0.10234375 0.11875
0 0.75078125 0.81953125 0.06328125 0.10703125
0 0.71875 0.9421875 0.209375 0.115625
0 0.73515625 0.7125 0.059375 0.0453125
0 0.18359375 0.83671875 0.3671875 0.3265625
0 0.4640625 0.690625 0.0828125 0.03828125
0 0.45 0.809375 0.07109375 0.125
0 0.409375 0.61640625 0.040625 0.04375