0 0.55078125 0.815625 0.290625 0.24453125
0 0.56171875 0.50234375 0.21640625 0.128125
0 0.65 0.409375 0.15625 0.059375
0 0.65546875 0.33203125 0.10390625 0.0421875
0 0.5265625 0.38046875 0.1515625 0.06328125
0 0.40078125 0.37421875 0.08359375 0.02890625
0 0.40234375 0.434375 0.115625 0.06328125
0 0.5578125 0.32578125 0.06484375 0.03203125
0 0.59609375 0.309375 0.07578125 0.02109375
0 0.5625 0.284375 0.0953125 0.03125
0 0.603125 0.24375 0.06796875 0.03203125
0 0.4703125 0.26328125 0.0828125 0.0515625
0 0.465625 0.33203125 0.05625 0.040625
0 0.35078125 0.36484375 0.1359375 0.0953125
0 0.190625 0.60234375 0.08046875 0.0578125
0 0.115625 0.75859375 0.1328125 0.10625
0 0.596875 0.17421875 0.10625 0.06875
0 0.665625 0.23359375 0.03671875 0.02421875