0 0.5703125 0.7203125 0.20859375 0.1265625
0 0.47578125 0.85078125 0.0828125 0.09609375
0 0.7078125 0.91875 0.18203125 0.0640625
0 0.72734375 0.6140625 0.28671875 0.096875
0 0.7984375 0.55859375 0.1765625 0.09609375
0 0.4796875 0.496875 0.20234375 0.090625
0 0.62265625 0.434375 0.203125 0.08046875
0 0.55 0.3703125 0.08359375 0.0671875
0 0.26484375 0.42421875 0.1359375 0.065625
0 0.378125 0.403125 0.096875 0.0625
0 0.3796875 0.29921875 0.06796875 0.04453125
0 0.4953125 0.24765625 0.10859375 0.05
0 0.61953125 0.28203125 0.06484375 0.03203125
0 0.7 0.3453125 0.0953125 0.0546875
0 0.7625 0.42734375 0.07109375 0.0578125
0 0.26953125 0.246875 0.0859375 0.0859375