0 0.7578125 0.575 0.38203125 0.221875
0 0.9046875 0.88046875 0.190625 0.23203125
0 0.346875 0.7140625 0.07265625 0.0453125
0 0.24765625 0.7234375 0.08359375 0.04140625
0 0.28984375 0.9390625 0.25546875 0.121875
0 0.02421875 0.8046875 0.0484375 0.0875
0 0.07734375 0.72109375 0.08125 0.09375
0 0.1859375 0.5609375 0.1203125 0.04453125
0 0.2390625 0.4734375 0.121875 0.04453125
0 0.165625 0.43828125 0.0875 0.03671875
0 0.0375 0.47578125 0.075 0.03125
0 0.68671875 0.359375 0.22109375 0.1546875
0 0.92265625 0.4234375 0.1546875 0.071875
0 0.49296875 0.3109375 0.08515625 0.03125
0 0.44453125 0.35859375 0.053125 0.0359375