0 0.53984375 0.75546875 0.24296875 0.15078125
0 0.15703125 0.64765625 0.2984375 0.1078125
0 0.6265625 0.55703125 0.2828125 0.05625
0 0.85078125 0.74609375 0.29765625 0.25234375
0 0.89765625 0.45078125 0.125 0.04765625
0 0.3921875 0.43046875 0.178125 0.09921875
0 0.175 0.33515625 0.09296875 0.05234375
0 0.084375 0.43671875 0.125 0.11484375
0 0.42890625 0.34609375 0.0703125 0.0390625
0 0.528125 0.378125 0.096875 0.03984375
0 0.721875 0.3453125 0.0734375 0.028125
0 0.7234375 0.3734375 0.278125 0.03984375