0 0.56640625 0.7984375 0.2578125 0.2125
0 0.746875 0.7109375 0.1484375 0.07265625
0 0.6953125 0.59453125 0.121875 0.05546875
0 0.6515625 0.43515625 0.1078125 0.10390625
0 0.621875 0.5328125 0.121875 0.10859375
0 0.31015625 0.61484375 0.10703125 0.09296875
0 0.3875 0.728125 0.08125 0.0921875
0 0.15078125 0.69453125 0.0578125 0.09921875
0 0.065625 0.5703125 0.096875 0.10234375
0 0.20078125 0.40859375 0.14765625 0.10078125
0 0.6375 0.24609375 0.13515625 0.09140625
0 0.48125 0.3453125 0.06015625 0.0359375
0 0.465625 0.43515625 0.07890625 0.05390625